Time - Plot 0	Bar - Plot 0	
12:28:31,93	-1,5375	
12:28:31,94	-1,13901	
12:28:31,96	-1,36039	
12:28:31,98	-1,44895	
12:28:32,00	-0,961912	
12:28:32,02	-1,36039	
12:28:32,03	-1,13901	
12:28:32,04	-1,05046	
12:28:32,06	-1,84743	
12:28:32,08	-1,09474	
12:28:32,09	-1,36039	
12:28:32,11	-0,696257	
12:28:32,12	-1,58177	
12:28:32,14	-1,44895	
12:28:32,16	-1,09474	
12:28:32,17	-1,18329	
12:28:32,19	-1,09474	
12:28:32,20	-1,13901	
12:28:32,22	-1,40467	
12:28:32,24	-1,5375	
12:28:32,26	-1,31612	
12:28:32,27	-1,00619	
12:28:32,28	-1,40467	
12:28:32,30	-1,40467	
12:28:32,32	-1,36039	
12:28:32,34	-1,49322	
12:28:32,35	-0,829084	
12:28:32,36	-1,13901	
12:28:32,37	-1,18329	
12:28:32,39	-1,31612	
12:28:32,41	-1,22757	
12:28:32,43	-1,62605	
12:28:32,44	-1,58177	
12:28:32,45	-1,27184	
12:28:32,47	-1,18329	
12:28:32,49	-1,22757	
12:28:32,50	-1,5375	
12:28:32,52	-1,18329	
12:28:32,54	-0,917636	
12:28:32,55	-1,18329	
12:28:32,56	-1,13901	
12:28:32,57	-1,22757	
12:28:32,59	-0,829084	
12:28:32,61	-1,27184	
12:28:32,62	-1,31612	
12:28:32,64	-1,22757	
12:28:32,65	-1,09474	
12:28:32,66	-1,36039	
12:28:32,67	-1,31612	
12:28:32,69	-1,27184	
12:28:32,70	-1,36039	
12:28:32,72	-1,31612	
12:28:32,74	-1,44895	
12:28:32,75	-1,44895	
12:28:32,77	-0,87336	
12:28:32,79	-1,09474	
12:28:32,82	-1,13901	
12:28:32,83	-1,09474	
12:28:32,86	-0,961912	
12:28:32,87	-0,961912	
12:28:32,88	-1,00619	
12:28:32,89	-0,961912	
12:28:32,90	-1,22757	
12:28:32,92	-1,18329	
12:28:32,93	-1,44895	
12:28:32,96	-1,62605	
12:28:32,97	-0,917636	
12:28:32,99	-1,31612	
12:28:33,01	-0,917636	
12:28:33,02	-1,31612	
12:28:33,04	-1,18329	
12:28:33,05	-1,31612	
12:28:33,07	-0,917636	
12:28:33,09	-1,05046	
12:28:33,10	-1,09474	
12:28:33,12	-1,5375	
12:28:33,14	-1,27184	
12:28:33,16	-1,5375	
12:28:33,17	-1,05046	
12:28:33,18	-1,31612	
12:28:33,19	-1,36039	
12:28:33,20	-1,31612	
12:28:33,22	-1,00619	
12:28:33,23	-1,27184	
12:28:33,25	-1,00619	
12:28:33,28	-1,22757	
12:28:33,29	-1,22757	
12:28:33,31	-1,09474	
12:28:33,33	-0,829084	
12:28:33,34	-1,22757	
12:28:33,35	-1,09474	
12:28:33,37	-0,961912	
12:28:33,39	-1,18329	
12:28:33,41	-0,917636	
12:28:33,43	-1,18329	
12:28:33,44	-1,44895	
12:28:33,45	-1,13901	
12:28:33,47	-1,22757	
12:28:33,48	-1,13901	
12:28:33,50	-1,00619	
12:28:33,52	-1,09474	
12:28:33,53	-0,961912	
12:28:33,54	-1,18329	
12:28:33,55	-1,13901	
12:28:33,57	-1,13901	
12:28:33,59	-1,22757	
12:28:33,60	-1,18329	
12:28:33,62	-1,5375	
12:28:33,63	-1,00619	
12:28:33,64	-1,31612	
12:28:33,66	-1,31612	
12:28:33,67	-1,22757	
12:28:33,69	-1,22757	
12:28:33,70	-1,27184	
12:28:33,72	-1,36039	
12:28:33,74	-1,44895	
12:28:33,75	-1,22757	
12:28:33,77	-1,09474	
12:28:33,78	-1,36039	
12:28:33,80	-1,58177	
12:28:33,82	-1,44895	
12:28:33,84	-1,7146	
12:28:33,85	-1,22757	
12:28:33,87	-1,27184	
12:28:33,88	-1,40467	
12:28:33,90	-1,36039	
12:28:33,91	-0,917636	
12:28:33,92	-1,40467	
12:28:33,94	-1,36039	
12:28:33,95	-1,13901	
12:28:33,97	-0,829084	
12:28:33,98	-1,62605	
12:28:33,99	-1,49322	
12:28:34,01	-1,22757	
12:28:34,03	-1,18329	
12:28:34,05	-1,7146	
12:28:34,07	-1,05046	
12:28:34,09	-1,27184	
12:28:34,11	-0,917636	
12:28:34,13	-0,784808	
12:28:34,14	-1,36039	
12:28:34,16	-1,13901	
12:28:34,17	-1,58177	
12:28:34,19	-1,22757	
12:28:34,20	-1,09474	
12:28:34,21	-1,40467	
12:28:34,23	-1,00619	
12:28:34,25	-1,22757	
12:28:34,27	-1,22757	
12:28:34,29	-1,05046	
12:28:34,30	-1,80315	
12:28:34,31	-1,49322	
12:28:34,33	-1,36039	
12:28:34,34	-1,22757	
12:28:34,36	-1,27184	
12:28:34,38	-1,31612	
12:28:34,39	-1,31612	
12:28:34,40	-1,13901	
12:28:34,42	-1,40467	
12:28:34,44	-3,57418	
12:28:34,46	-1,31612	
12:28:34,48	-1,31612	
12:28:34,49	-1,22757	
12:28:34,51	-0,87336	
12:28:34,52	-1,13901	
12:28:34,54	-1,22757	
12:28:34,55	-1,44895	
12:28:34,57	-1,22757	
12:28:34,59	-1,05046	
12:28:34,60	-1,05046	
12:28:34,62	-1,27184	
12:28:34,63	-1,18329	
12:28:34,64	-1,5375	
12:28:34,66	-1,36039	
12:28:34,71	-1,18329	
12:28:34,73	-1,13901	
12:28:34,76	-1,18329	
12:28:34,78	-1,22757	
12:28:34,81	-1,09474	
12:28:34,83	-0,917636	
12:28:34,85	-1,13901	
12:28:34,87	-1,36039	
12:28:34,88	-1,36039	
12:28:34,90	-1,44895	
12:28:34,91	-1,58177	
12:28:34,93	-1,27184	
12:28:34,95	-1,09474	
12:28:34,97	-1,00619	
12:28:34,98	-1,49322	
12:28:34,99	-1,44895	
12:28:35,01	-1,09474	
12:28:35,03	-1,36039	
12:28:35,05	-1,18329	
12:28:35,07	-1,22757	
12:28:35,09	-1,05046	
12:28:35,10	-1,27184	
12:28:35,11	-1,13901	
12:28:35,12	-1,00619	
12:28:35,13	-1,27184	
12:28:35,15	-1,80315	
12:28:35,17	-1,40467	
12:28:35,19	-1,31612	
12:28:35,21	-1,44895	
12:28:35,23	-1,18329	
12:28:35,25	-1,36039	
12:28:35,27	-1,18329	
12:28:35,28	-1,31612	
12:28:35,29	-1,5375	
12:28:35,31	-1,49322	
12:28:35,32	-1,09474	
12:28:35,34	-1,44895	
12:28:35,35	-1,27184	
12:28:35,36	-1,27184	
12:28:35,38	-1,36039	
12:28:35,39	-1,36039	
12:28:35,41	-1,40467	
12:28:35,42	-0,829084	
12:28:35,44	-1,40467	
12:28:35,46	-1,09474	
12:28:35,48	-1,18329	
12:28:35,50	-1,40467	
12:28:35,52	-1,40467	
12:28:35,54	-1,40467	
12:28:35,56	-1,05046	
12:28:35,58	-1,44895	
12:28:35,60	-1,18329	
12:28:35,62	-0,917636	
12:28:35,64	-0,917636	
12:28:35,67	-1,31612	
12:28:35,69	-1,27184	
12:28:35,71	-1,36039	
12:28:35,73	-1,62605	
12:28:35,75	-1,27184	
12:28:35,77	-1,5375	
12:28:35,78	-1,05046	
12:28:35,80	-1,22757	
12:28:35,81	-1,62605	
12:28:35,83	-1,5375	
12:28:35,84	-1,13901	
12:28:35,86	-0,87336	
12:28:35,87	-1,18329	
12:28:35,88	-1,09474	
12:28:35,90	-1,18329	
12:28:35,91	-1,13901	
12:28:35,93	-1,40467	
12:28:35,94	-1,13901	
12:28:35,95	-1,27184	
12:28:35,96	-0,87336	
12:28:35,97	-1,40467	
12:28:35,99	-1,36039	
12:28:36,01	-1,27184	
12:28:36,03	-1,18329	
12:28:36,05	-1,36039	
12:28:36,06	-0,740533	
12:28:36,08	-1,13901	
12:28:36,10	-1,05046	
12:28:36,12	-1,09474	
12:28:36,14	-1,18329	
12:28:36,16	-1,00619	
12:28:36,18	-1,36039	
12:28:36,20	-1,62605	
12:28:36,22	-1,44895	
12:28:36,24	-0,917636	
12:28:36,26	-1,09474	
12:28:36,28	-1,36039	
12:28:36,30	-1,09474	
12:28:36,32	-1,40467	
12:28:36,33	-1,36039	
12:28:36,34	-1,13901	
12:28:36,35	-1,22757	
12:28:36,37	-1,44895	
12:28:36,38	-1,18329	
12:28:36,39	-1,09474	
12:28:36,41	-1,09474	
12:28:36,42	-1,13901	
12:28:36,43	-1,44895	
12:28:36,45	-1,27184	
12:28:36,47	-1,44895	
12:28:36,49	-1,13901	
12:28:36,51	-1,00619	
12:28:36,52	-1,31612	
12:28:36,54	-1,13901	
12:28:36,56	-1,40467	
12:28:36,59	-1,31612	
12:28:36,60	-1,31612	
12:28:36,62	-1,22757	
12:28:36,64	-1,13901	
12:28:36,65	-1,27184	
12:28:36,67	-1,31612	
12:28:36,68	-1,05046	
12:28:36,69	-1,62605	
12:28:36,71	-1,05046	
12:28:36,72	-0,917636	
12:28:36,74	-1,44895	
12:28:36,75	-1,05046	
12:28:36,76	-1,22757	
12:28:36,77	-1,18329	
12:28:36,79	-1,40467	
12:28:36,80	-1,00619	
12:28:36,82	-1,09474	
12:28:36,84	-1,31612	
12:28:36,85	-1,49322	
12:28:36,87	-1,7146	
12:28:36,89	-1,49322	
12:28:36,92	-1,00619	
12:28:36,94	-1,00619	
12:28:36,96	-1,18329	
12:28:36,98	-1,18329	
12:28:37,00	-1,13901	
12:28:37,02	-1,62605	
12:28:37,03	-1,40467	
12:28:37,04	-1,58177	
12:28:37,06	-1,36039	
12:28:37,07	-1,09474	
12:28:37,08	-1,40467	
12:28:37,09	-1,31612	
12:28:37,11	-1,13901	
12:28:37,12	-1,13901	
12:28:37,13	-1,40467	
12:28:37,15	-1,22757	
12:28:37,16	-1,22757	
12:28:37,17	-1,5375	
12:28:37,19	-1,5375	
12:28:37,21	-1,36039	
12:28:37,23	-1,18329	
12:28:37,24	-1,36039	
12:28:37,25	-1,09474	
12:28:37,27	-1,31612	
12:28:37,28	-1,44895	
12:28:37,30	-1,62605	
12:28:37,32	-1,09474	
12:28:37,34	-1,13901	
12:28:37,35	-1,09474	
12:28:37,37	-1,40467	
12:28:37,38	-1,27184	
12:28:37,40	-1,13901	
12:28:37,42	-1,5375	
12:28:37,43	-1,40467	
12:28:37,44	-1,13901	
12:28:37,45	-1,49322	
12:28:37,47	-1,09474	
12:28:37,49	-1,18329	
12:28:37,51	-1,36039	
12:28:37,52	-1,31612	
12:28:37,54	-1,44895	
12:28:37,55	-1,22757	
12:28:37,57	-1,18329	
12:28:37,58	-1,44895	
12:28:37,59	-1,27184	
12:28:37,61	-1,8917	
12:28:37,62	-1,44895	
12:28:37,65	-1,22757	
12:28:37,66	-1,31612	
12:28:37,68	-1,27184	
12:28:37,70	-1,00619	
12:28:37,72	-0,961912	
12:28:37,74	-1,00619	
12:28:37,76	-1,27184	
12:28:37,77	-1,22757	
12:28:37,79	-1,62605	
12:28:37,80	-1,58177	
12:28:37,82	-1,05046	
12:28:37,84	-1,31612	
12:28:37,85	-1,7146	
12:28:37,86	-1,09474	
12:28:37,87	-1,31612	
12:28:37,89	-1,27184	
12:28:37,90	-0,829084	
12:28:37,91	-1,5375	
12:28:37,93	-1,40467	
12:28:37,94	-1,5375	
12:28:37,96	-1,13901	
12:28:37,97	-1,7146	
12:28:37,99	-1,7146	
12:28:38,01	-1,22757	
12:28:38,03	-1,5375	
12:28:38,05	-1,75888	
12:28:38,06	-1,13901	
12:28:38,07	-1,09474	
12:28:38,09	-1,27184	
12:28:38,10	-1,09474	
12:28:38,11	-1,40467	
12:28:38,13	-1,22757	
12:28:38,14	-0,917636	
12:28:38,15	-1,44895	
12:28:38,17	-1,31612	
12:28:38,18	-1,13901	
12:28:38,20	-1,09474	
12:28:38,21	-1,40467	
12:28:38,22	-1,18329	
12:28:38,23	-0,961912	
12:28:38,25	-1,49322	
12:28:38,26	-1,22757	
12:28:38,28	-1,13901	
12:28:38,29	-1,5375	
12:28:38,30	-1,18329	
12:28:38,31	-1,13901	
12:28:38,32	-1,36039	
12:28:38,34	-1,09474	
12:28:38,36	-0,829084	
12:28:38,37	-1,31612	
12:28:38,39	-1,00619	
12:28:38,41	-1,5375	
12:28:38,42	-1,27184	
12:28:38,43	-1,31612	
12:28:38,44	-1,49322	
12:28:38,46	-0,829084	
12:28:38,47	-1,44895	
12:28:38,49	-1,40467	
12:28:38,50	-1,09474	
12:28:38,52	-1,18329	
12:28:38,53	-1,13901	
12:28:38,55	-1,13901	
12:28:38,57	-1,22757	
12:28:38,58	-1,18329	
12:28:38,60	-1,58177	
12:28:38,62	-1,62605	
12:28:38,64	-1,67032	
12:28:38,66	-1,13901	
12:28:38,67	-1,36039	
12:28:38,68	-1,44895	
12:28:38,70	-1,05046	
12:28:38,72	-0,87336	
12:28:38,73	-1,13901	
12:28:38,74	-1,22757	
12:28:38,75	-1,18329	
12:28:38,76	-1,49322	
12:28:38,77	-1,00619	
12:28:38,79	-1,27184	
12:28:38,82	-1,36039	
12:28:38,83	-1,22757	
12:28:38,85	-0,784808	
12:28:38,86	-1,36039	
12:28:38,87	-1,36039	
12:28:38,88	-1,31612	
12:28:38,90	-1,05046	
12:28:38,91	-1,27184	
12:28:38,92	-1,5375	
12:28:38,94	-1,18329	
12:28:38,96	-1,31612	
12:28:38,97	-1,09474	
12:28:38,98	-1,09474	
12:28:39,00	-0,961912	
12:28:39,02	-0,784808	
12:28:39,04	-0,917636	
12:28:39,05	-1,22757	
12:28:39,07	-1,22757	
12:28:39,09	-1,31612	
12:28:39,10	-1,49322	
12:28:39,11	-0,961912	
12:28:39,12	-1,31612	
12:28:39,14	-1,00619	
12:28:39,15	-1,62605	
12:28:39,17	-1,5375	
12:28:39,18	-1,27184	
12:28:39,20	-1,40467	
12:28:39,21	-1,09474	
12:28:39,23	-1,58177	
12:28:39,24	-1,5375	
12:28:39,25	-0,87336	
12:28:39,27	-1,36039	
12:28:39,29	-1,5375	
12:28:39,31	-1,58177	
12:28:39,32	-1,18329	
12:28:39,33	-1,13901	
12:28:39,35	-1,36039	
12:28:39,37	-1,44895	
12:28:39,39	-1,13901	
12:28:39,40	-1,62605	
12:28:39,41	-0,917636	
12:28:39,43	-1,09474	
12:28:39,45	-1,5375	
12:28:39,46	-1,27184	
12:28:39,48	-1,13901	
12:28:39,49	-1,27184	
12:28:39,50	-1,18329	
12:28:39,51	-1,36039	
12:28:39,53	-1,18329	
12:28:39,54	-1,58177	
12:28:39,56	-1,22757	
12:28:39,57	-1,22757	
12:28:39,58	-1,49322	
12:28:39,60	-1,13901	
12:28:39,62	-1,36039	
12:28:39,63	-1,22757	
12:28:39,65	-1,18329	
12:28:39,66	-1,18329	
12:28:39,67	-1,13901	
12:28:39,69	-1,58177	
12:28:39,70	-1,31612	
12:28:39,72	-0,917636	
12:28:39,73	-1,58177	
12:28:39,74	-1,36039	
12:28:39,75	-1,22757	
12:28:39,77	-1,44895	
12:28:39,78	-1,18329	
12:28:39,79	-1,44895	
12:28:39,81	-1,5375	
12:28:39,83	-1,18329	
12:28:39,85	-1,22757	
12:28:39,86	-1,44895	
12:28:39,87	-1,13901	
12:28:39,88	-1,36039	
12:28:39,90	-1,18329	
12:28:39,91	-1,22757	
12:28:39,93	-1,5375	
12:28:39,94	-1,36039	
12:28:39,95	-1,18329	
12:28:39,97	-0,917636	
12:28:39,98	-1,44895	
12:28:40,00	-1,05046	
12:28:40,02	-1,44895	
12:28:40,03	-1,05046	
12:28:40,04	-1,36039	
12:28:40,05	-0,87336	
12:28:40,07	-1,40467	
12:28:40,08	-1,58177	
12:28:40,10	-1,62605	
12:28:40,11	-1,13901	
12:28:40,12	-1,67032	
12:28:40,14	-0,740533	
12:28:40,15	-1,13901	
12:28:40,17	-1,27184	
12:28:40,19	-1,36039	
12:28:40,20	-1,27184	
12:28:40,21	-1,36039	
12:28:40,22	-1,5375	
12:28:40,23	-0,87336	
12:28:40,25	-1,27184	
12:28:40,27	-1,13901	
12:28:40,28	-1,40467	
12:28:40,30	-1,27184	
12:28:40,31	-1,40467	
12:28:40,33	-1,05046	
12:28:40,35	-1,31612	
12:28:40,37	-1,05046	
12:28:40,39	-1,5375	
12:28:40,40	-1,00619	
12:28:40,41	-1,31612	
12:28:40,43	-1,18329	
12:28:40,44	-1,18329	
12:28:40,45	-1,13901	
12:28:40,47	-1,36039	
12:28:40,48	-1,36039	
12:28:40,50	-0,829084	
12:28:40,51	-1,36039	
12:28:40,52	-1,67032	
12:28:40,53	-1,36039	
12:28:40,55	-1,44895	
12:28:40,57	-1,18329	
12:28:40,58	-1,27184	
12:28:40,60	-1,05046	
12:28:40,61	-1,05046	
12:28:40,63	-1,40467	
12:28:40,64	-1,40467	
12:28:40,66	-0,87336	
12:28:40,67	-1,18329	
12:28:40,68	-1,49322	
12:28:40,70	-0,740533	
12:28:40,72	-1,09474	
12:28:40,73	-0,87336	
12:28:40,74	-1,75888	
12:28:40,76	-1,36039	
12:28:40,77	-1,22757	
12:28:40,79	-1,44895	
12:28:40,82	-1,09474	
12:28:40,84	-1,36039	
12:28:40,87	-0,87336	
12:28:40,89	-1,18329	
12:28:40,91	-0,740533	
12:28:40,94	-1,00619	
12:28:40,95	-1,00619	
12:28:40,97	-1,27184	
12:28:40,98	-1,31612	
12:28:41,00	-1,5375	
12:28:41,01	-1,09474	
12:28:41,02	-1,31612	
12:28:41,03	-0,961912	
12:28:41,05	-1,36039	
12:28:41,06	-1,49322	
12:28:41,08	-1,7146	
12:28:41,10	-1,05046	
12:28:41,12	-1,31612	
12:28:41,13	-1,27184	
12:28:41,15	-1,40467	
12:28:41,17	-1,36039	
12:28:41,18	-1,13901	
12:28:41,20	-1,31612	
12:28:41,22	-1,27184	
12:28:41,23	-1,27184	
12:28:41,25	-1,36039	
12:28:41,26	-1,62605	
12:28:41,27	-0,917636	
12:28:41,29	-1,27184	
12:28:41,30	-1,49322	
12:28:41,32	-1,31612	
12:28:41,33	-1,40467	
12:28:41,35	-1,05046	
12:28:41,37	-1,31612	
12:28:41,38	-1,05046	
12:28:41,40	-1,31612	
12:28:41,42	-1,27184	
12:28:41,44	-1,58177	
12:28:41,46	-1,18329	
12:28:41,47	-0,87336	
12:28:41,49	-0,961912	
12:28:41,51	-1,40467	
12:28:41,53	-1,00619	
12:28:41,55	-1,36039	
12:28:41,57	-1,18329	
12:28:41,59	-1,5375	
12:28:41,61	-1,05046	
12:28:41,62	-0,961912	
12:28:41,64	-1,40467	
12:28:41,66	-1,09474	
12:28:41,68	-1,05046	
12:28:41,69	-0,87336	
12:28:41,71	-0,961912	
12:28:41,72	-1,5375	
12:28:41,74	-1,18329	
12:28:41,75	-1,27184	
12:28:41,76	-1,18329	
12:28:41,77	-1,00619	
12:28:41,79	-1,49322	
12:28:41,80	-1,05046	
12:28:41,81	-1,22757	
12:28:41,82	-1,22757	
12:28:41,84	-1,27184	
12:28:41,85	-1,00619	
12:28:41,86	-1,31612	
12:28:41,87	-1,05046	
12:28:41,89	-0,917636	
12:28:41,91	-1,40467	
12:28:41,92	-1,40467	
12:28:41,94	-1,40467	
12:28:41,95	-1,18329	
12:28:41,97	-1,22757	
12:28:41,99	-1,18329	
12:28:42,01	-0,87336	
12:28:42,03	-1,49322	
12:28:42,05	-1,40467	
12:28:42,07	-1,62605	
12:28:42,09	-1,44895	
12:28:42,10	-1,44895	
12:28:42,13	-1,49322	
12:28:42,14	-1,62605	
12:28:42,16	-1,62605	
12:28:42,18	-1,36039	
12:28:42,20	-1,09474	
12:28:42,21	-1,49322	
12:28:42,22	-1,05046	
12:28:42,24	-1,00619	
12:28:42,25	-0,961912	
12:28:42,26	-1,31612	
12:28:42,27	-0,961912	
12:28:42,29	-1,05046	
12:28:42,31	-0,961912	
12:28:42,32	-1,27184	
12:28:42,34	-1,36039	
12:28:42,36	-1,18329	
12:28:42,38	-1,27184	
12:28:42,40	-1,36039	
12:28:42,41	-0,917636	
12:28:42,42	-1,18329	
12:28:42,44	-1,22757	
12:28:42,46	-1,22757	
12:28:42,47	-1,13901	
12:28:42,49	-1,36039	
12:28:42,50	-1,62605	
12:28:42,52	-1,36039	
12:28:42,53	-1,13901	
12:28:42,55	-1,36039	
12:28:42,56	-1,27184	
12:28:42,58	-1,44895	
12:28:42,61	-1,44895	
12:28:42,62	-1,18329	
12:28:42,63	-1,13901	
12:28:42,64	-1,31612	
12:28:42,65	-1,44895	
12:28:42,66	-1,44895	
12:28:42,68	-1,62605	
12:28:42,70	-1,31612	
12:28:42,72	-1,62605	
12:28:42,73	-1,05046	
12:28:42,75	-1,44895	
12:28:42,76	-1,22757	
12:28:42,78	-1,22757	
12:28:42,80	-1,00619	
12:28:42,82	-1,36039	
12:28:42,83	-1,05046	
12:28:42,84	-1,00619	
12:28:42,85	-1,44895	
12:28:42,87	-1,09474	
12:28:42,89	-0,917636	
12:28:42,91	-1,27184	
12:28:42,93	-0,87336	
12:28:42,94	-1,00619	
12:28:42,97	-1,00619	
12:28:42,98	-1,31612	
12:28:43,01	-1,09474	
12:28:43,03	-0,829084	
12:28:43,05	-0,829084	
12:28:43,07	-1,05046	
12:28:43,09	-0,784808	
12:28:43,11	-0,87336	
12:28:43,13	-1,00619	
12:28:43,15	-0,961912	
12:28:43,17	-1,27184	
12:28:43,18	-1,27184	
12:28:43,20	-1,13901	
12:28:43,21	-1,09474	
12:28:43,22	-1,18329	
12:28:43,23	-0,961912	
12:28:43,25	-1,5375	
12:28:43,27	-0,87336	
12:28:43,29	-1,00619	
12:28:43,30	-1,27184	
12:28:43,33	-1,18329	
12:28:43,35	-1,36039	
12:28:43,37	-0,961912	
12:28:43,39	-1,05046	
12:28:43,41	-1,31612	
12:28:43,42	-1,27184	
12:28:43,44	-1,44895	
12:28:43,45	-0,87336	
12:28:43,46	-1,36039	
12:28:43,48	-1,40467	
12:28:43,49	-1,36039	
12:28:43,50	-1,58177	
12:28:43,52	-1,18329	
12:28:43,53	-1,13901	
12:28:43,54	-1,58177	
12:28:43,55	-1,22757	
12:28:43,57	-1,36039	
12:28:43,58	-1,44895	
12:28:43,59	-1,13901	
12:28:43,61	-1,05046	
12:28:43,62	-1,22757	
12:28:43,63	-1,27184	
12:28:43,64	-1,18329	
12:28:43,66	-1,36039	
12:28:43,67	-1,18329	
12:28:43,69	-1,44895	
12:28:43,70	-1,27184	
12:28:43,72	-1,22757	
12:28:43,73	-1,18329	
12:28:43,76	-1,40467	
12:28:43,78	-1,58177	
12:28:43,80	-1,44895	
12:28:43,82	-1,22757	
12:28:43,83	-1,22757	
12:28:43,85	-1,05046	
12:28:43,87	-1,13901	
12:28:43,89	-1,00619	
12:28:43,91	-1,13901	
12:28:43,92	-1,40467	
12:28:43,93	-1,49322	
12:28:43,95	-1,36039	
12:28:43,96	-1,05046	
12:28:43,97	-1,22757	
12:28:43,99	-1,05046	
12:28:44,00	-1,62605	
12:28:44,02	-1,31612	
12:28:44,04	-1,5375	
12:28:44,05	-1,09474	
12:28:44,07	-1,31612	
12:28:44,08	-1,00619	
12:28:44,10	-1,36039	
12:28:44,11	-1,27184	
12:28:44,12	-1,36039	
12:28:44,13	-1,27184	
12:28:44,15	-0,961912	
12:28:44,16	-1,36039	
12:28:44,17	-1,36039	
12:28:44,18	-1,18329	
12:28:44,20	-1,49322	
12:28:44,22	-1,27184	
12:28:44,23	-1,18329	
12:28:44,25	-1,05046	
12:28:44,26	-1,18329	
12:28:44,27	-0,961912	
12:28:44,28	-1,22757	
12:28:44,29	-1,40467	
12:28:44,31	-1,27184	
12:28:44,32	-1,36039	
12:28:44,34	-1,49322	
12:28:44,35	-1,5375	
12:28:44,37	-1,13901	
12:28:44,38	-1,27184	
12:28:44,40	-0,961912	
12:28:44,42	-1,5375	
12:28:44,43	-1,36039	
12:28:44,45	-1,27184	
12:28:44,46	-1,40467	
12:28:44,47	-1,22757	
12:28:44,49	-1,18329	
12:28:44,50	-1,31612	
12:28:44,52	-1,13901	
12:28:44,53	-1,18329	
12:28:44,54	-1,13901	
12:28:44,56	-1,22757	
12:28:44,58	-1,36039	
12:28:44,60	-0,917636	
12:28:44,62	-1,5375	
12:28:44,63	-1,31612	
12:28:44,65	-1,13901	
12:28:44,66	-1,18329	
12:28:44,68	-1,31612	
12:28:44,70	-1,5375	
12:28:44,71	-1,09474	
12:28:44,73	-0,917636	
12:28:44,74	-1,49322	
12:28:44,75	-0,740533	
12:28:44,77	-1,31612	
12:28:44,78	-1,67032	
12:28:44,79	-1,13901	
12:28:44,80	-1,13901	
12:28:44,81	-1,44895	
12:28:44,82	-1,36039	
12:28:44,84	-1,00619	
12:28:44,85	-1,5375	
12:28:44,87	-1,00619	
12:28:44,89	-1,13901	
12:28:44,90	-1,80315	
12:28:44,91	-1,18329	
12:28:44,93	-1,00619	
12:28:44,95	-0,961912	
12:28:44,96	-1,27184	
12:28:44,99	-1,36039	
12:28:45,00	-1,36039	
12:28:45,01	-1,00619	
12:28:45,03	-1,05046	
12:28:45,04	-1,5375	
12:28:45,06	-1,40467	
12:28:45,07	-1,13901	
12:28:45,09	-1,09474	
12:28:45,11	-1,27184	
12:28:45,13	-1,09474	
12:28:45,14	-0,961912	
12:28:45,16	-1,22757	
12:28:45,18	-1,00619	
12:28:45,20	-1,36039	
12:28:45,22	-1,40467	
12:28:45,23	-1,22757	
12:28:45,25	-1,18329	
12:28:45,26	-1,40467	
12:28:45,27	-0,917636	
12:28:45,28	-1,13901	
12:28:45,30	-1,13901	
12:28:45,32	-1,62605	
12:28:45,34	-1,62605	
12:28:45,35	-1,09474	
12:28:45,36	-1,31612	
12:28:45,38	-1,67032	
12:28:45,40	-1,62605	
12:28:45,41	-1,75888	
12:28:45,42	-1,22757	
12:28:45,44	-1,93598	
12:28:45,45	-1,09474	
12:28:45,47	-0,87336	
12:28:45,49	-1,13901	
12:28:45,50	-1,27184	
12:28:45,51	-1,00619	
12:28:45,52	-1,44895	
12:28:45,54	-1,36039	
12:28:45,55	-1,27184	
12:28:45,57	-1,67032	
12:28:45,59	-1,05046	
12:28:45,61	-1,22757	
12:28:45,62	-1,22757	
12:28:45,63	-1,44895	
12:28:45,65	-1,22757	
12:28:45,67	-1,18329	
12:28:45,69	-1,36039	
12:28:45,70	-1,67032	
12:28:45,72	-0,829084	
12:28:45,73	-1,75888	
12:28:45,75	-1,27184	
12:28:45,77	-1,18329	
12:28:45,79	-0,961912	
12:28:45,80	-1,13901	
12:28:45,81	-0,829084	
12:28:45,82	-1,49322	
12:28:45,83	-1,27184	
12:28:45,85	-1,36039	
12:28:45,86	-1,22757	
12:28:45,88	-1,58177	
12:28:45,89	-1,31612	
12:28:45,90	-1,00619	
12:28:45,92	-1,22757	
12:28:45,93	-1,27184	
12:28:45,95	-1,09474	
12:28:45,96	-1,36039	
12:28:45,98	-1,22757	
12:28:45,99	-1,31612	
12:28:46,01	-1,13901	
12:28:46,02	-1,36039	
12:28:46,04	-1,62605	
12:28:46,05	-1,18329	
12:28:46,07	-1,5375	
12:28:46,08	-1,62605	
12:28:46,10	-1,18329	
12:28:46,12	-1,44895	
12:28:46,13	-1,22757	
12:28:46,15	-1,44895	
12:28:46,16	-0,961912	
12:28:46,18	-1,36039	
12:28:46,20	-1,5375	
12:28:46,22	-1,22757	
12:28:46,24	-1,27184	
12:28:46,25	-1,22757	
12:28:46,27	-0,87336	
12:28:46,28	-1,09474	
12:28:46,30	-1,58177	
12:28:46,32	-1,00619	
12:28:46,34	-0,917636	
12:28:46,35	-1,44895	
12:28:46,37	-1,40467	
12:28:46,38	-0,87336	
12:28:46,40	-1,36039	
12:28:46,41	-1,18329	
12:28:46,43	-1,67032	
12:28:46,45	-1,18329	
12:28:46,46	-1,05046	
12:28:46,48	-1,5375	
12:28:46,49	-1,49322	
12:28:46,50	-1,18329	
12:28:46,52	-1,13901	
12:28:46,53	-1,40467	
12:28:46,57	-1,13901	
12:28:46,60	-1,18329	
12:28:46,62	-1,7146	
12:28:46,64	-1,40467	
12:28:46,67	-1,31612	
12:28:46,69	-1,31612	
12:28:46,72	-1,27184	
12:28:46,74	-1,09474	
12:28:46,76	-1,36039	
12:28:46,78	-1,13901	
12:28:46,80	-1,49322	
12:28:46,81	-1,27184	
12:28:46,83	-1,31612	
12:28:46,84	-1,18329	
12:28:46,85	-1,44895	
12:28:46,87	-1,13901	
12:28:46,88	-1,00619	
12:28:46,90	-0,917636	
12:28:46,92	-1,5375	
12:28:46,94	-1,31612	
12:28:46,96	-1,22757	
12:28:46,98	-1,18329	
12:28:47,00	-1,5375	
12:28:47,02	-1,40467	
12:28:47,04	-1,18329	
12:28:47,06	-1,13901	
12:28:47,08	-1,27184	
12:28:47,10	-1,27184	
12:28:47,12	-1,44895	
12:28:47,13	-1,75888	
12:28:47,15	-1,13901	
12:28:47,16	-0,961912	
12:28:47,18	-1,49322	
12:28:47,19	-1,5375	
12:28:47,21	-1,22757	
12:28:47,22	-1,09474	
12:28:47,23	-1,31612	
12:28:47,25	-1,58177	
12:28:47,26	-1,09474	
12:28:47,28	-1,5375	
12:28:47,29	-1,22757	
12:28:47,30	-1,13901	
12:28:47,32	-1,27184	
12:28:47,33	-1,31612	
12:28:47,34	-1,18329	
12:28:47,36	-1,31612	
12:28:47,37	-1,31612	
12:28:47,38	-0,961912	
12:28:47,40	-1,5375	
12:28:47,41	-1,31612	
12:28:47,42	-1,09474	
12:28:47,44	-1,44895	
12:28:47,45	-1,13901	
12:28:47,46	-1,31612	
12:28:47,47	-1,40467	
12:28:47,49	-1,5375	
12:28:47,50	-1,40467	
12:28:47,51	-1,62605	
12:28:47,52	-1,18329	
12:28:47,54	-1,13901	
12:28:47,55	-1,40467	
12:28:47,57	-1,40467	
12:28:47,58	-1,31612	
12:28:47,59	-1,7146	
12:28:47,61	-1,36039	
12:28:47,62	-1,18329	
12:28:47,63	-1,62605	
12:28:47,65	-1,36039	
12:28:47,66	-0,961912	
12:28:47,68	-1,31612	
12:28:47,69	-0,87336	
12:28:47,71	-1,00619	
12:28:47,73	-1,22757	
12:28:47,74	-1,00619	
12:28:47,76	-1,36039	
12:28:47,77	-0,917636	
12:28:47,79	-1,18329	
12:28:47,80	-1,27184	
12:28:47,81	-1,58177	
12:28:47,83	-1,31612	
12:28:47,84	-1,5375	
12:28:47,85	-1,67032	
12:28:47,87	-1,13901	
12:28:47,88	-1,18329	
12:28:47,89	-1,40467	
12:28:47,91	-1,36039	
12:28:47,92	-1,00619	
12:28:47,93	-1,31612	
12:28:47,94	-1,18329	
12:28:47,96	-1,36039	
12:28:47,97	-1,31612	
12:28:47,98	-1,22757	
12:28:48,00	-1,18329	
12:28:48,02	-1,36039	
12:28:48,03	-1,40467	
12:28:48,04	-0,961912	
12:28:48,05	-1,27184	
12:28:48,07	-1,62605	
12:28:48,09	-1,00619	
12:28:48,11	-1,13901	
12:28:48,12	-1,18329	
12:28:48,14	-1,22757	
12:28:48,15	-1,40467	
12:28:48,17	-1,5375	
12:28:48,19	-1,27184	
12:28:48,21	-1,44895	
12:28:48,22	-1,27184	
12:28:48,23	-1,44895	
12:28:48,24	-1,00619	
12:28:48,25	-1,22757	
12:28:48,27	-1,58177	
12:28:48,29	-1,36039	
12:28:48,30	-1,49322	
12:28:48,32	-1,27184	
12:28:48,33	-1,67032	
12:28:48,34	-1,27184	
12:28:48,36	-1,13901	
12:28:48,37	-1,40467	
12:28:48,39	-1,36039	
12:28:48,40	-1,05046	
12:28:48,41	-1,27184	
12:28:48,43	-1,00619	
12:28:48,44	-1,13901	
12:28:48,46	-1,36039	
12:28:48,47	-1,44895	
12:28:48,48	-1,31612	
12:28:48,50	-0,87336	
12:28:48,51	-1,22757	
12:28:48,52	-1,22757	
12:28:48,54	-1,27184	
12:28:48,56	-1,05046	
12:28:48,58	-1,00619	
12:28:48,60	-1,22757	
12:28:48,62	-1,31612	
12:28:48,63	-1,27184	
12:28:48,65	-1,31612	
12:28:48,67	-1,18329	
12:28:48,68	-1,31612	
12:28:48,70	-1,27184	
12:28:48,71	-0,87336	
12:28:48,74	-1,31612	
12:28:48,75	-1,09474	
12:28:48,76	-1,09474	
12:28:48,77	-1,40467	
12:28:48,78	-1,05046	
12:28:48,80	-1,13901	
12:28:48,82	-1,40467	
12:28:48,83	-1,58177	
12:28:48,85	-1,5375	
12:28:48,87	-1,09474	
12:28:48,88	-1,09474	
12:28:48,89	-1,00619	
12:28:48,91	-1,36039	
12:28:48,93	-1,31612	
12:28:48,94	-1,44895	
12:28:48,95	-1,36039	
12:28:48,96	-1,62605	
12:28:48,98	-1,40467	
12:28:49,00	-1,09474	
12:28:49,01	-1,49322	
12:28:49,03	-1,40467	
12:28:49,04	-1,40467	
12:28:49,06	-0,696257	
12:28:49,07	-1,31612	
12:28:49,08	-1,40467	
12:28:49,10	-0,87336	
12:28:49,11	-1,7146	
12:28:49,12	-1,44895	
12:28:49,13	-1,62605	
12:28:49,15	-0,961912	
12:28:49,17	-1,75888	
12:28:49,19	-1,22757	
12:28:49,20	-1,49322	
12:28:49,22	-1,36039	
12:28:49,23	-1,44895	
12:28:49,24	-1,27184	
12:28:49,26	-1,44895	
12:28:49,27	-1,13901	
12:28:49,29	-1,27184	
12:28:49,30	-1,27184	
12:28:49,31	-1,13901	
12:28:49,33	-1,36039	
12:28:49,34	-1,13901	
12:28:49,35	-1,09474	
12:28:49,36	-0,917636	
12:28:49,38	-1,13901	
12:28:49,40	-1,67032	
12:28:49,42	-1,27184	
12:28:49,43	-1,18329	
12:28:49,45	-1,49322	
12:28:49,47	-1,13901	
12:28:49,49	-1,49322	
12:28:49,50	-0,784808	
12:28:49,51	-1,13901	
12:28:49,53	-1,49322	
12:28:49,54	-1,00619	
12:28:49,55	-1,49322	
12:28:49,57	-0,917636	
12:28:49,59	-1,40467	
12:28:49,61	-1,13901	
12:28:49,62	-1,27184	
12:28:49,64	-1,09474	
12:28:49,65	-0,961912	
12:28:49,67	-1,7146	
12:28:49,68	-1,05046	
12:28:49,69	-1,27184	
12:28:49,71	-1,58177	
12:28:49,73	-0,87336	
12:28:49,76	-1,36039	
12:28:49,77	-1,44895	
12:28:49,78	-1,13901	
12:28:49,79	-1,5375	
12:28:49,81	-1,36039	
12:28:49,83	-1,40467	
12:28:49,84	-1,00619	
12:28:49,86	-1,05046	
12:28:49,88	-1,40467	
12:28:49,89	-1,00619	
12:28:49,91	-1,31612	
12:28:49,93	-1,31612	
12:28:49,94	-0,829084	
12:28:49,95	-1,22757	
12:28:49,97	-1,62605	
12:28:49,99	-1,40467	
12:28:50,00	-0,961912	
12:28:50,02	-0,917636	
12:28:50,03	-1,40467	
12:28:50,05	-1,27184	
12:28:50,06	-0,740533	
12:28:50,08	-1,18329	
12:28:50,10	-1,18329	
12:28:50,12	-1,36039	
12:28:50,14	-0,740533	
12:28:50,15	-1,36039	
12:28:50,17	-1,44895	
12:28:50,18	-1,00619	
12:28:50,20	-1,22757	
12:28:50,21	-0,917636	
12:28:50,22	-1,36039	
12:28:50,23	-1,00619	
12:28:50,24	-1,22757	
12:28:50,26	-1,22757	
12:28:50,28	-0,87336	
12:28:50,29	-1,13901	
12:28:50,30	-1,09474	
12:28:50,32	-1,00619	
12:28:50,33	-1,18329	
12:28:50,35	-1,36039	
12:28:50,37	-1,44895	
12:28:50,39	-1,18329	
12:28:50,40	-1,05046	
12:28:50,42	-1,36039	
12:28:50,43	-1,18329	
12:28:50,45	-1,44895	
12:28:50,46	-1,00619	
12:28:50,47	-1,40467	
12:28:50,48	-1,49322	
12:28:50,49	-1,44895	
12:28:50,51	-1,31612	
12:28:50,52	-0,917636	
12:28:50,53	-1,22757	
12:28:50,55	-1,36039	
12:28:50,57	-1,58177	
12:28:50,58	-1,22757	
12:28:50,59	-1,5375	
12:28:50,61	-1,40467	
12:28:50,62	-1,36039	
12:28:50,63	-1,00619	
12:28:50,65	-1,40467	
12:28:50,66	-1,36039	
12:28:50,68	-1,31612	
12:28:50,69	-1,31612	
12:28:50,70	-0,87336	
12:28:50,71	-1,22757	
12:28:50,74	-1,49322	
12:28:50,76	-1,09474	
12:28:50,79	-1,22757	
12:28:50,81	-1,09474	
12:28:50,83	-1,18329	
12:28:50,85	-1,00619	
12:28:50,86	-1,13901	
12:28:50,88	-1,40467	
12:28:50,90	-1,36039	
12:28:50,91	-1,05046	
12:28:50,93	-1,40467	
12:28:50,95	-1,27184	
12:28:50,96	-1,44895	
12:28:50,97	-1,27184	
12:28:50,99	-1,58177	
12:28:51,00	-1,22757	
12:28:51,02	-1,00619	
12:28:51,03	-1,05046	
12:28:51,05	-1,40467	
12:28:51,06	-1,27184	
12:28:51,08	-1,13901	
12:28:51,10	-1,09474	
12:28:51,12	-0,961912	
12:28:51,13	-1,31612	
12:28:51,15	-1,18329	
12:28:51,17	-1,31612	
12:28:51,19	-1,62605	
12:28:51,20	-1,27184	
12:28:51,22	-1,27184	
12:28:51,24	-1,18329	
12:28:51,25	-1,40467	
12:28:51,27	-1,27184	
12:28:51,29	-1,40467	
12:28:51,31	-1,36039	
12:28:51,32	-1,13901	
12:28:51,35	-1,40467	
12:28:51,36	-1,67032	
12:28:51,38	-1,09474	
12:28:51,40	-1,00619	
12:28:51,42	-1,22757	
12:28:51,43	-1,80315	
12:28:51,45	-1,27184	
12:28:51,47	-1,09474	
12:28:51,49	-1,49322	
12:28:51,51	-1,36039	
12:28:51,53	-1,40467	
12:28:51,55	-1,44895	
12:28:51,56	-1,44895	
12:28:51,57	-1,67032	
12:28:51,59	-1,22757	
12:28:51,60	-1,09474	
12:28:51,61	-1,27184	
12:28:51,62	-1,09474	
12:28:51,64	-1,13901	
12:28:51,65	-0,696257	
12:28:51,66	-1,00619	
12:28:51,67	-1,49322	
12:28:51,69	-1,09474	
12:28:51,70	-1,18329	
12:28:51,72	-1,13901	
12:28:51,74	-1,13901	
12:28:51,75	-1,22757	
12:28:51,76	-1,36039	
12:28:51,78	-0,961912	
12:28:51,80	-1,00619	
12:28:51,82	-1,00619	
12:28:51,83	-1,49322	
12:28:51,84	-1,5375	
12:28:51,85	-1,27184	
12:28:51,87	-1,49322	
12:28:51,88	-1,00619	
12:28:51,90	-1,27184	
12:28:51,92	-1,09474	
12:28:51,94	-1,40467	
12:28:51,95	-1,09474	
12:28:51,97	-1,13901	
12:28:51,99	-1,09474	
12:28:52,01	-1,40467	
12:28:52,03	-1,05046	
12:28:52,04	-1,31612	
12:28:52,05	-1,49322	
12:28:52,06	-1,58177	
12:28:52,08	-0,961912	
12:28:52,09	-1,7146	
12:28:52,10	-1,05046	
12:28:52,12	-1,00619	
12:28:52,14	-1,05046	
12:28:52,16	-1,36039	
12:28:52,17	-1,31612	
12:28:52,19	-1,00619	
12:28:52,20	-1,18329	
12:28:52,22	-0,917636	
12:28:52,23	-1,67032	
12:28:52,25	-1,27184	
12:28:52,27	-0,917636	
12:28:52,29	-1,05046	
12:28:52,30	-1,18329	
12:28:52,31	-1,36039	
12:28:52,33	-1,05046	
12:28:52,35	-1,27184	
12:28:52,37	-1,22757	
12:28:52,38	-1,13901	
12:28:52,39	-1,58177	
12:28:52,41	-1,09474	
12:28:52,43	-1,49322	
12:28:52,46	-1,09474	
12:28:52,47	-1,36039	
12:28:52,48	-1,62605	
12:28:52,50	-1,44895	
12:28:52,52	-1,09474	
12:28:52,53	-1,49322	
12:28:52,56	-1,00619	
12:28:52,57	-1,27184	
12:28:52,59	-1,36039	
12:28:52,61	-1,49322	
12:28:52,62	-1,27184	
12:28:52,64	-1,13901	
12:28:52,66	-1,27184	
12:28:52,67	-1,44895	
12:28:52,69	-1,36039	
12:28:52,70	-1,31612	
12:28:52,71	-0,961912	
12:28:52,73	-1,09474	
12:28:52,75	-1,62605	
12:28:52,77	-1,36039	
12:28:52,79	-1,58177	
12:28:52,80	-1,18329	
12:28:52,82	-1,36039	
12:28:52,83	-1,27184	
12:28:52,85	-1,31612	
12:28:52,86	-1,00619	
12:28:52,87	-1,22757	
12:28:52,89	-1,31612	
12:28:52,91	-1,27184	
12:28:52,93	-1,18329	
12:28:52,94	-1,58177	
12:28:52,96	-1,36039	
12:28:52,98	-0,917636	
12:28:53,00	-1,27184	
12:28:53,01	-0,651981	
12:28:53,03	-1,49322	
12:28:53,04	-1,49322	
12:28:53,05	-0,784808	
12:28:53,07	-0,87336	
12:28:53,09	-1,22757	
12:28:53,11	-1,00619	
12:28:53,12	-0,740533	
12:28:53,14	-1,31612	
12:28:53,15	-1,18329	
12:28:53,17	-1,00619	
12:28:53,18	-1,13901	
12:28:53,20	-0,342051	
12:28:53,21	-1,05046	
12:28:53,22	-0,342051	
12:28:53,23	0,322086	
12:28:53,25	0,366362	
12:28:53,26	1,91602	
12:28:53,27	3,46567	
12:28:53,28	4,12981	
12:28:53,30	4,52829	
12:28:53,31	4,74967	
12:28:53,32	5,28098	
12:28:53,34	5,67946	
12:28:53,35	6,07794	
12:28:53,36	5,72373	
12:28:53,38	6,25504	
12:28:53,39	6,6978	
12:28:53,41	9,35435	
12:28:53,42	6,96346	
12:28:53,44	7,67187	
12:28:53,45	7,93752	
12:28:53,46	8,33601	
12:28:53,47	8,82304	
12:28:53,48	9,22152	
12:28:53,50	10,417	
12:28:53,51	11,0368	
12:28:53,52	11,3025	
12:28:53,53	12,2323	
12:28:53,55	12,7193	
12:28:53,56	13,6491	
12:28:53,57	13,959	
12:28:53,58	14,0919	
12:28:53,60	14,9331	
12:28:53,61	15,1102	
12:28:53,62	15,8629	
12:28:53,63	16,527	
12:28:53,65	17,1026	
12:28:53,66	17,4125	
12:28:53,67	17,7668	
12:28:53,68	18,3423	
12:28:53,70	19,5821	
12:28:53,71	20,7775	
12:28:53,72	23,4341	
12:28:53,74	26,2234	
12:28:53,75	27,7731	
12:28:53,76	29,0571	
12:28:53,78	30,0311	
12:28:53,79	30,7838	
12:28:53,80	30,8724	
12:28:53,82	31,8907	
12:28:53,83	31,448	
12:28:53,84	31,8465	
12:28:53,85	32,3778	
12:28:53,87	33,9717	
12:28:53,88	32,9091	
12:28:53,89	33,3076	
12:28:53,91	33,2633	
12:28:53,92	33,5289	
12:28:53,93	33,5289	
12:28:53,95	33,4404	
12:28:53,96	33,9717	
12:28:53,97	34,1045	
12:28:53,99	33,8389	
12:28:54,00	34,503	
12:28:54,01	34,4587	
12:28:54,02	33,8389	
12:28:54,04	34,503	
12:28:54,05	34,0602	
12:28:54,07	34,1045	
12:28:54,08	34,5916	
12:28:54,09	34,4145	
12:28:54,10	34,3259	
12:28:54,12	34,5916	
12:28:54,13	34,5916	
12:28:54,15	34,5916	
12:28:54,17	34,2816	
12:28:54,18	34,9015	
12:28:54,19	34,5473	
12:28:54,21	34,99	
12:28:54,22	34,1931	
12:28:54,24	33,8831	
12:28:54,25	34,0602	
12:28:54,26	34,1488	
12:28:54,28	34,4145	
12:28:54,30	34,1488	
12:28:54,32	34,1488	
12:28:54,34	34,1931	
12:28:54,35	34,3259	
12:28:54,36	34,6358	
12:28:54,38	34,8129	
12:28:54,39	34,7687	
12:28:54,41	35,9198	
12:28:54,43	34,1931	
12:28:54,44	33,706	
12:28:54,45	33,0862	
12:28:54,47	33,5732	
12:28:54,48	34,1488	
12:28:54,50	34,6358	
12:28:54,51	36,1855	
12:28:54,53	35,8756	
12:28:54,55	36,0527	
12:28:54,56	36,7168	
12:28:54,57	38,0893	
12:28:54,59	39,3733	
12:28:54,60	44,775	
12:28:54,63	86,04	
12:28:54,64	101,537	
12:28:54,65	100,961	
12:28:54,66	100,208	
12:28:54,68	103,308	
12:28:54,70	98,7029	
12:28:54,71	97,2861	
12:28:54,73	90,6447	
12:28:54,74	92,1501	
12:28:54,75	91,5302	
12:28:54,76	74,0856	
12:28:54,78	54,5157	
12:28:54,79	48,5827	
12:28:54,81	46,5017	
12:28:54,82	45,262	
12:28:54,83	44,7307	
12:28:54,85	44,5093	
12:28:54,87	43,6681	
12:28:54,88	44,2437	
12:28:54,91	45,1735	
12:28:54,92	44,9521	
12:28:54,93	45,4391	
12:28:54,96	44,8193	
12:28:54,97	45,0406	
12:28:54,99	45,6162	
12:28:55,00	45,5277	
12:28:55,01	47,9186	
12:28:55,03	48,4942	
12:28:55,05	48,1842	
12:28:55,06	47,6086	
12:28:55,08	48,8041	
12:28:55,10	48,8926	
12:28:55,11	48,2285	
12:28:55,12	47,4315	
12:28:55,14	47,0773	
12:28:55,15	46,1918	
12:28:55,17	44,8193	
12:28:55,19	42,6055	
12:28:55,21	41,8528	
12:28:55,22	41,9413	
12:28:55,25	38,5321	
12:28:55,27	36,1412	
12:28:55,29	34,503	
12:28:55,31	32,4663	
12:28:55,33	32,2007	
12:28:55,34	30,3854	
12:28:55,36	29,2785	
12:28:55,38	28,9685	
12:28:55,39	28,9243	
12:28:55,41	28,1716	
12:28:55,42	27,9059	
12:28:55,43	27,7731	
12:28:55,45	26,9318	
12:28:55,46	26,4005	
12:28:55,47	26,312	
12:28:55,48	25,7364	
12:28:55,50	25,6921	
12:28:55,52	25,6036	
12:28:55,54	25,2051	
12:28:55,56	25,028	
12:28:55,57	24,7181	
12:28:55,59	24,6738	
12:28:55,60	24,6738	
12:28:55,62	25,028	
12:28:55,63	24,2753	
12:28:55,64	24,0539	
12:28:55,66	24,3196	
12:28:55,67	24,5409	
12:28:55,68	23,5226	
12:28:55,70	23,2569	
12:28:55,72	23,2569	
12:28:55,74	22,9913	
12:28:55,75	22,5928	
12:28:55,76	22,4157	
12:28:55,78	22,1501	
12:28:55,79	21,663	
12:28:55,81	21,3531	
12:28:55,82	20,2462	
12:28:55,84	20,2905	
12:28:55,85	19,9805	
12:28:55,86	19,4935	
12:28:55,88	19,1836	
12:28:55,89	19,095	
12:28:55,90	18,7851	
12:28:55,91	18,4752	
12:28:55,93	17,324	
12:28:55,94	17,5896	
12:28:55,95	17,1469	
12:28:55,96	16,3499	
12:28:55,98	15,9072	
12:28:55,99	15,8629	
12:28:56,00	15,0217	
12:28:56,02	14,4018	
12:28:56,03	13,6048	
12:28:56,04	12,8079	
12:28:56,05	12,2323	
12:28:56,07	11,391	
12:28:56,08	10,2841	
12:28:56,10	9,4429	
12:28:56,11	8,91159	
12:28:56,12	8,42456	
12:28:56,14	6,83063	
12:28:56,15	6,5207	
12:28:56,16	5,67946	
12:28:56,18	5,36953	
12:28:56,19	4,48401	
12:28:56,20	3,90843	
12:28:56,22	2,84581	
12:28:56,25	1,60608	
12:28:56,26	1,25188	
12:28:56,27	0,80912	
12:28:56,29	0,49919	
12:28:56,32	-0,474878	
12:28:56,34	-1,00619	
12:28:56,35	-1,49322	
12:28:56,36	-1,13901	
12:28:56,38	-1,00619	
12:28:56,40	-1,5375	
12:28:56,43	-1,05046	
12:28:56,44	-1,58177	
12:28:56,45	-0,87336	
12:28:56,47	-0,961912	
12:28:56,48	-1,49322	
12:28:56,50	-1,27184	
12:28:56,53	-1,09474	
12:28:56,54	-1,36039	
12:28:56,56	-1,22757	
12:28:56,57	-1,27184	
12:28:56,62	-1,18329	
12:28:56,63	-0,961912	
12:28:56,65	-1,13901	
12:28:56,67	-1,22757	
12:28:56,69	-1,31612	
12:28:56,71	-0,917636	
12:28:56,74	-0,917636	
12:28:56,76	-1,18329	
12:28:56,77	-1,22757	
12:28:56,78	-1,36039	
12:28:56,80	-1,36039	
12:28:56,82	-1,31612	
12:28:56,84	-1,22757	
12:28:56,85	-1,67032	
12:28:56,87	-1,05046	
12:28:56,88	-1,22757	
12:28:56,89	-1,09474	
12:28:56,90	-1,49322	
12:28:56,92	-1,05046	
12:28:56,93	-1,40467	
12:28:56,94	0,632017	
12:28:56,96	-1,5375	
12:28:56,97	-1,40467	
12:28:56,99	-1,05046	
12:28:57,00	-0,696257	
12:28:57,02	-1,44895	
12:28:57,04	-1,36039	
12:28:57,06	-1,67032	
12:28:57,07	-0,784808	
12:28:57,09	-1,44895	
12:28:57,10	-1,22757	
12:28:57,11	-1,18329	
12:28:57,13	-1,31612	
12:28:57,14	-1,31612	
12:28:57,15	-0,87336	
12:28:57,16	-1,5375	
12:28:57,17	-1,18329	
12:28:57,19	-1,09474	
12:28:57,21	-1,00619	
12:28:57,23	-1,09474	
12:28:57,25	-1,44895	
12:28:57,26	-1,44895	
12:28:57,28	-1,13901	
12:28:57,29	-1,22757	
12:28:57,31	-1,44895	
12:28:57,33	-1,13901	
12:28:57,34	-1,49322	
12:28:57,35	-1,36039	
12:28:57,36	-1,5375	
12:28:57,38	-1,18329	
12:28:57,39	-1,18329	
12:28:57,41	-1,13901	
12:28:57,42	-1,09474	
12:28:57,43	-1,27184	
12:28:57,44	-1,80315	
12:28:57,45	-1,05046	
12:28:57,47	-1,36039	
12:28:57,48	-1,67032	
12:28:57,50	-1,18329	
12:28:57,51	-1,36039	
12:28:57,52	-1,58177	
12:28:57,53	-1,13901	
12:28:57,54	-1,44895	
12:28:57,56	-1,13901	
12:28:57,58	-1,40467	
12:28:57,59	-1,36039	
12:28:57,61	-1,13901	
12:28:57,62	-1,13901	
12:28:57,63	-1,27184	
12:28:57,65	-1,31612	
12:28:57,66	-1,58177	
12:28:57,67	-1,40467	
12:28:57,68	-1,31612	
12:28:57,70	-1,58177	
12:28:57,72	-1,27184	
12:28:57,73	-1,44895	
12:28:57,74	-1,36039	
12:28:57,76	-1,44895	
12:28:57,77	-1,22757	
12:28:57,78	-1,22757	
12:28:57,79	-1,05046	
12:28:57,81	-1,31612	
12:28:57,82	-1,44895	
12:28:57,83	-1,18329	
12:28:57,85	-1,27184	
12:28:57,86	-1,40467	
12:28:57,87	-1,13901	
12:28:57,88	-1,40467	
12:28:57,90	-1,58177	
12:28:57,91	-1,22757	
12:28:57,93	-1,44895	
12:28:57,94	-1,31612	
12:28:57,95	-0,961912	
12:28:57,96	-1,31612	
12:28:57,97	-1,40467	
12:28:57,99	-1,31612	
12:28:58,00	-1,31612	
12:28:58,02	-1,44895	
12:28:58,03	-1,40467	
12:28:58,05	-1,22757	
12:28:58,06	-1,31612	
12:28:58,08	-1,5375	
12:28:58,09	-0,961912	
12:28:58,11	-1,44895	
12:28:58,13	-1,27184	
12:28:58,15	-1,31612	
12:28:58,16	-1,58177	
12:28:58,18	-1,62605	
12:28:58,19	-0,961912	
12:28:58,21	-1,62605	
12:28:58,22	-1,27184	
12:28:58,24	-1,27184	
12:28:58,25	-1,31612	
12:28:58,27	-1,5375	
12:28:58,28	-1,58177	
12:28:58,30	-1,40467	
12:28:58,31	-1,22757	
12:28:58,32	-1,18329	
12:28:58,34	-1,40467	
12:28:58,35	-1,22757	
12:28:58,37	-1,40467	
12:28:58,38	-1,36039	
12:28:58,40	-1,5375	
12:28:58,41	-1,67032	
12:28:58,43	-1,18329	
12:28:58,44	-1,44895	
12:28:58,46	-1,09474	
12:28:58,47	-1,00619	
12:28:58,49	-1,05046	
12:28:58,50	-1,09474	
12:28:58,52	-1,5375	
12:28:58,53	-0,961912	
12:28:58,55	-1,36039	
12:28:58,56	-1,40467	
12:28:58,58	-1,22757	
12:28:58,59	-0,961912	
12:28:58,61	-1,13901	
12:28:58,62	-1,18329	
12:28:58,64	-1,62605	
12:28:58,65	-1,09474	
12:28:58,67	-1,5375	
12:28:58,68	-1,22757	
12:28:58,70	-1,40467	
12:28:58,71	-0,87336	
12:28:58,73	-1,40467	
12:28:58,74	-1,27184	
12:28:58,76	-1,44895	
12:28:58,78	-1,00619	
12:28:58,79	-1,62605	
12:28:58,81	-1,13901	
12:28:58,82	-1,13901	
12:28:58,84	-1,58177	
12:28:58,85	-1,09474	
12:28:58,87	-1,40467	
12:28:58,88	-1,84743	
12:28:58,89	-1,36039	
12:28:58,91	-1,18329	
12:28:58,92	-1,75888	
12:28:58,93	-0,784808	
12:28:58,95	-1,09474	
12:28:58,96	-1,13901	
12:28:58,98	-1,22757	
12:28:58,99	-1,49322	
12:28:59,01	-1,18329	
12:28:59,02	-1,44895	
12:28:59,04	-1,09474	
12:28:59,05	-1,00619	
12:28:59,06	-1,36039	
12:28:59,08	-1,5375	
12:28:59,09	-1,44895	
12:28:59,10	-1,5375	
12:28:59,12	-1,09474	
12:28:59,13	-1,05046	
12:28:59,15	-1,49322	
12:28:59,16	-1,49322	
12:28:59,18	-1,67032	
12:28:59,19	-1,18329	
12:28:59,20	-1,5375	
12:28:59,22	-1,09474	
12:28:59,23	-0,784808	
12:28:59,24	-1,36039	
12:28:59,25	-1,09474	
12:28:59,26	-1,18329	
12:28:59,27	-1,49322	
12:28:59,29	-1,49322	
12:28:59,30	-1,40467	
12:28:59,31	-0,917636	
12:28:59,32	-1,36039	
12:28:59,33	-1,05046	
12:28:59,35	-1,18329	
12:28:59,37	-1,09474	
12:28:59,39	-1,18329	
12:28:59,41	-1,40467	
12:28:59,43	-1,05046	
12:28:59,45	-1,05046	
12:28:59,47	-1,05046	
12:28:59,49	-1,00619	
12:28:59,51	-1,36039	
12:28:59,52	-1,27184	
12:28:59,54	-1,27184	
12:28:59,56	-1,36039	
12:28:59,58	-1,5375	
12:28:59,59	-1,18329	
12:28:59,61	-1,18329	
12:28:59,63	-1,40467	
12:28:59,64	-1,5375	
12:28:59,66	-1,40467	
12:28:59,67	-1,13901	
12:28:59,69	-1,27184	
12:28:59,70	-0,961912	
12:28:59,72	-0,961912	
12:28:59,73	-1,27184	
12:28:59,75	-1,31612	
12:28:59,76	-1,36039	
12:28:59,77	-1,22757	
12:28:59,78	-1,09474	
12:28:59,80	-1,13901	
12:28:59,81	-0,961912	
12:28:59,82	-1,00619	
12:28:59,84	-1,18329	
12:28:59,85	-1,40467	
12:28:59,86	-1,00619	
12:28:59,87	-0,917636	
12:28:59,88	-1,5375	
12:28:59,90	-1,44895	
12:28:59,91	-1,18329	
12:28:59,93	-1,18329	
12:28:59,94	-1,31612	
12:28:59,95	-1,27184	
12:28:59,96	-1,13901	
12:28:59,98	-1,62605	
12:28:59,99	-0,961912	
12:29:00,01	-1,18329	
12:29:00,02	-1,27184	
12:29:00,05	-1,36039	
12:29:00,06	-1,62605	
12:29:00,08	-1,7146	
12:29:00,10	-1,44895	
12:29:00,12	-1,00619	
12:29:00,14	-1,62605	
12:29:00,15	-1,31612	
12:29:00,17	-1,13901	
12:29:00,18	-1,22757	
12:29:00,20	-1,31612	
12:29:00,21	-1,00619	
12:29:00,23	-1,49322	
12:29:00,24	-1,27184	
12:29:00,25	-1,31612	
12:29:00,26	-1,22757	
12:29:00,27	-0,740533	
12:29:00,28	-1,18329	
12:29:00,30	-1,44895	
12:29:00,31	-1,22757	
12:29:00,33	-1,18329	
12:29:00,34	-1,62605	
12:29:00,36	-1,22757	
12:29:00,38	-1,31612	
12:29:00,40	-1,31612	
12:29:00,42	-1,44895	
12:29:00,43	-1,18329	
12:29:00,45	-1,18329	
12:29:00,46	-1,49322	
12:29:00,47	-1,40467	
12:29:00,48	-1,58177	
12:29:00,50	-1,49322	
12:29:00,51	-0,651981	
12:29:00,53	-1,27184	
12:29:00,55	-1,18329	
12:29:00,57	-1,44895	
12:29:00,59	-1,80315	
12:29:00,60	-1,5375	
12:29:00,62	-1,36039	
12:29:00,64	-1,36039	
12:29:00,66	-1,44895	
12:29:00,67	-1,09474	
12:29:00,68	-1,22757	
12:29:00,70	-1,09474	
12:29:00,71	-1,27184	
12:29:00,73	-1,09474	
12:29:00,74	-1,36039	
12:29:00,75	-1,44895	
12:29:00,76	-1,49322	
12:29:00,78	-1,44895	
12:29:00,79	-1,22757	
12:29:00,80	-1,22757	
12:29:00,81	-0,961912	
12:29:00,82	-1,5375	
12:29:00,84	-1,49322	
12:29:00,85	-1,31612	
12:29:00,86	-1,31612	
12:29:00,88	-1,27184	
12:29:00,90	-1,27184	
12:29:00,91	-1,27184	
12:29:00,93	-1,36039	
12:29:00,94	-1,67032	
12:29:00,95	-1,18329	
12:29:00,97	-1,36039	
12:29:00,98	-1,58177	
12:29:01,00	-1,18329	
12:29:01,02	-1,36039	
12:29:01,03	-0,784808	
12:29:01,04	-1,31612	
12:29:01,05	-1,31612	
12:29:01,07	-1,31612	
12:29:01,09	-1,27184	
12:29:01,12	-1,36039	
12:29:01,14	-1,44895	
12:29:01,15	-1,27184	
12:29:01,17	-0,961912	
12:29:01,19	-1,31612	
12:29:01,21	-0,829084	
12:29:01,23	-1,00619	
12:29:01,25	-1,36039	
12:29:01,27	-1,05046	
12:29:01,28	-1,58177	
12:29:01,30	-1,22757	
12:29:01,31	-1,18329	
12:29:01,33	-0,829084	
12:29:01,35	-1,5375	
12:29:01,36	-1,27184	
12:29:01,38	-1,27184	
12:29:01,40	-1,5375	
12:29:01,41	-1,36039	
12:29:01,42	-1,40467	
12:29:01,44	-1,36039	
12:29:01,46	-1,49322	
12:29:01,48	-1,18329	
12:29:01,49	-1,05046	
12:29:01,51	-1,18329	
12:29:01,53	-0,917636	
12:29:01,55	-1,22757	
12:29:01,57	-1,09474	
12:29:01,58	-1,62605	
12:29:01,59	-1,58177	
12:29:01,61	-0,961912	
12:29:01,63	-1,27184	
12:29:01,65	-0,961912	
12:29:01,66	-1,62605	
12:29:01,68	-1,18329	
12:29:01,70	-1,5375	
12:29:01,71	-0,829084	
12:29:01,73	-1,18329	
12:29:01,75	-1,58177	
12:29:01,76	-1,44895	
12:29:01,77	-1,31612	
12:29:01,78	-1,13901	
12:29:01,79	-1,13901	
12:29:01,81	-0,784808	
12:29:01,83	-1,00619	
12:29:01,85	-1,09474	
12:29:01,87	-1,27184	
12:29:01,88	-1,58177	
12:29:01,90	-1,36039	
12:29:01,92	-1,09474	
12:29:01,94	-1,27184	
12:29:01,95	-1,22757	
12:29:01,97	-1,27184	
12:29:01,99	-1,18329	
12:29:02,01	-1,22757	
12:29:02,02	-1,18329	
12:29:02,04	-1,75888	
12:29:02,05	-1,49322	
12:29:02,07	-1,44895	
12:29:02,09	-1,09474	
12:29:02,10	-1,36039	
12:29:02,13	-1,22757	
12:29:02,14	-0,829084	
12:29:02,15	-1,40467	
12:29:02,17	-1,05046	
12:29:02,19	-1,44895	
12:29:02,21	-1,22757	
12:29:02,22	-0,342051	
12:29:02,23	-1,18329	
12:29:02,25	-1,18329	
12:29:02,27	-1,13901	
12:29:02,30	-1,44895	
12:29:02,32	-1,18329	
12:29:02,35	-1,13901	
12:29:02,37	-0,829084	
12:29:02,39	-1,09474	
12:29:02,41	-1,27184	
12:29:02,43	-1,18329	
12:29:02,44	-1,40467	
12:29:02,45	-1,5375	
12:29:02,47	-1,22757	
12:29:02,48	-1,5375	
12:29:02,49	-1,09474	
12:29:02,50	-1,5375	
12:29:02,51	-1,49322	
12:29:02,52	-1,22757	
12:29:02,54	-1,22757	
12:29:02,55	-1,05046	
12:29:02,56	-1,27184	
12:29:02,58	-1,5375	
12:29:02,59	-0,829084	
12:29:02,61	-1,31612	
12:29:02,62	-1,67032	
12:29:02,64	-1,5375	
12:29:02,66	-1,31612	
12:29:02,67	-1,18329	
12:29:02,68	-1,5375	
12:29:02,70	-1,31612	
12:29:02,72	-1,31612	
12:29:02,72	-1,36039	
12:29:02,74	-1,22757	
12:29:02,75	-1,18329	
12:29:02,76	-1,40467	
12:29:02,78	-1,31612	
12:29:02,80	-1,36039	
12:29:02,81	-1,31612	
12:29:02,83	-0,829084	
12:29:02,84	-1,49322	
12:29:02,86	-1,09474	
12:29:02,87	-0,961912	
12:29:02,88	-1,31612	
12:29:02,90	-1,62605	
12:29:02,92	-1,49322	
12:29:02,93	-1,00619	
12:29:02,94	-1,36039	
12:29:02,96	-1,05046	
12:29:02,98	-1,36039	
12:29:03,00	-1,09474	
12:29:03,02	-1,7146	
12:29:03,03	-1,13901	
12:29:03,04	-1,05046	
12:29:03,06	-1,44895	
12:29:03,08	-1,40467	
12:29:03,10	-1,40467	
12:29:03,11	-0,961912	
12:29:03,12	-1,36039	
12:29:03,13	-1,05046	
12:29:03,14	-1,18329	
12:29:03,17	-1,49322	
12:29:03,18	-1,44895	
12:29:03,20	-1,40467	
12:29:03,22	-0,87336	
12:29:03,23	-1,49322	
12:29:03,25	-1,27184	
12:29:03,27	-1,22757	
12:29:03,28	-1,13901	
12:29:03,29	-1,18329	
12:29:03,31	-0,829084	
12:29:03,32	-1,22757	
12:29:03,33	-1,27184	
12:29:03,35	-0,917636	
12:29:03,36	-1,31612	
12:29:03,38	-1,40467	
12:29:03,39	-1,22757	
12:29:03,40	-1,05046	
12:29:03,42	-1,49322	
12:29:03,44	-1,22757	
12:29:03,45	-1,00619	
12:29:03,47	-1,09474	
12:29:03,49	-1,36039	
12:29:03,51	-1,13901	
12:29:03,53	-0,829084	
12:29:03,55	-1,00619	
12:29:03,56	-1,18329	
12:29:03,57	-0,784808	
12:29:03,58	-1,67032	
12:29:03,60	-1,40467	
12:29:03,62	-1,7146	
12:29:03,64	-1,40467	
12:29:03,66	-1,27184	
12:29:03,68	-1,31612	
12:29:03,70	-1,13901	
12:29:03,72	-1,36039	
12:29:03,74	-1,36039	
12:29:03,76	-1,44895	
12:29:03,78	-1,05046	
12:29:03,80	-1,5375	
12:29:03,81	-1,27184	
12:29:03,83	-1,00619	
12:29:03,84	-1,31612	
12:29:03,86	-1,27184	
12:29:03,87	-1,40467	
12:29:03,89	-1,09474	
12:29:03,90	-1,8917	
12:29:03,92	-1,31612	
12:29:03,93	-1,09474	
12:29:03,94	-1,58177	
12:29:03,95	-1,49322	
12:29:03,97	-1,18329	
12:29:03,99	-1,18329	
12:29:04,00	-1,05046	
12:29:04,01	-1,5375	
12:29:04,03	-0,961912	
12:29:04,04	-1,75888	
12:29:04,05	-1,40467	
12:29:04,06	-1,00619	
12:29:04,08	-1,80315	
12:29:04,09	-1,00619	
12:29:04,10	-1,36039	
12:29:04,11	-1,5375	
12:29:04,13	-1,09474	
12:29:04,14	-0,87336	
12:29:04,15	-1,36039	
12:29:04,17	-0,87336	
12:29:04,18	-1,00619	
12:29:04,19	-1,18329	
12:29:04,20	-1,13901	
12:29:04,21	-1,5375	
12:29:04,23	-0,696257	
12:29:04,24	-1,13901	
12:29:04,26	-1,44895	
12:29:04,27	-1,27184	
12:29:04,28	-1,40467	
12:29:04,29	-1,36039	
12:29:04,30	-1,44895	
12:29:04,32	-1,40467	
12:29:04,33	-1,18329	
12:29:04,35	-1,05046	
12:29:04,36	-1,67032	
12:29:04,38	-1,27184	
12:29:04,39	-0,917636	
12:29:04,40	-1,44895	
12:29:04,41	-1,22757	
12:29:04,43	-1,13901	
12:29:04,44	-1,36039	
12:29:04,46	-1,31612	
12:29:04,47	-0,829084	
12:29:04,48	-1,36039	
12:29:04,49	-1,49322	
12:29:04,50	-1,31612	
12:29:04,52	-1,7146	
12:29:04,53	-1,31612	
12:29:04,54	-1,27184	
12:29:04,56	-1,62605	
12:29:04,57	-0,917636	
12:29:04,58	-1,40467	
12:29:04,60	-1,58177	
12:29:04,61	-1,18329	
12:29:04,62	-1,31612	
12:29:04,64	-1,5375	
12:29:04,65	-1,22757	
12:29:04,66	-0,961912	
12:29:04,68	-1,00619	
12:29:04,69	-1,27184	
12:29:04,70	-1,22757	
12:29:04,72	-1,40467	
12:29:04,73	-1,22757	
12:29:04,74	-1,27184	
12:29:04,75	-1,49322	
12:29:04,77	-1,13901	
12:29:04,78	-1,36039	
12:29:04,79	-1,40467	
12:29:04,81	-0,87336	
12:29:04,82	-1,18329	
12:29:04,83	-1,31612	
12:29:04,85	-1,36039	
12:29:04,87	-1,13901	
12:29:04,89	-1,44895	
12:29:04,91	-1,22757	
12:29:04,92	-1,18329	
12:29:04,94	-1,09474	
12:29:04,95	-1,36039	
12:29:04,97	-2,60012	
12:29:04,99	-1,49322	
12:29:05,00	-1,44895	
12:29:05,02	-1,05046	
12:29:05,03	-1,22757	
12:29:05,05	-0,829084	
12:29:05,06	-1,44895	
12:29:05,08	-1,58177	
12:29:05,10	-1,31612	
12:29:05,11	-0,961912	
12:29:05,12	-1,18329	
12:29:05,15	-1,13901	
12:29:05,16	-1,58177	
12:29:05,18	-1,36039	
12:29:05,20	-1,27184	
12:29:05,21	-1,22757	
12:29:05,22	-1,49322	
12:29:05,24	-1,18329	
12:29:05,26	-1,36039	
12:29:05,28	-1,13901	
12:29:05,30	-0,961912	
12:29:05,32	-1,31612	
12:29:05,33	-1,22757	
12:29:05,36	-1,40467	
12:29:05,37	-1,27184	
12:29:05,38	-1,00619	
12:29:05,40	-1,05046	
12:29:05,42	-1,36039	
12:29:05,44	-1,49322	
12:29:05,46	-1,58177	
12:29:05,48	-1,36039	
12:29:05,49	-1,40467	
12:29:05,51	-1,09474	
12:29:05,53	-0,829084	
12:29:05,54	-1,40467	
12:29:05,56	-1,09474	
12:29:05,57	-0,917636	
12:29:05,58	-1,05046	
12:29:05,60	-1,36039	
12:29:05,62	-1,22757	
12:29:05,64	-1,22757	
12:29:05,66	-1,49322	
12:29:05,67	-1,5375	
12:29:05,68	-1,44895	
12:29:05,70	-1,44895	
12:29:05,71	-1,13901	
12:29:05,72	-1,13901	
12:29:05,74	-1,5375	
12:29:05,75	-1,05046	
12:29:05,76	-1,13901	
12:29:05,78	-1,00619	
12:29:05,80	-1,13901	
12:29:05,81	-1,31612	
12:29:05,82	-1,00619	
12:29:05,83	-1,36039	
12:29:05,85	-1,27184	
12:29:05,86	-0,829084	
12:29:05,89	-1,18329	
12:29:05,91	-0,784808	
12:29:05,93	-1,05046	
12:29:05,94	-1,40467	
12:29:05,96	-1,22757	
12:29:05,97	-1,7146	
12:29:05,99	-1,49322	
12:29:06,01	-1,05046	
12:29:06,03	-1,27184	
12:29:06,05	-1,40467	
12:29:06,07	-0,961912	
12:29:06,09	-1,18329	
12:29:06,11	-1,27184	
12:29:06,13	-1,31612	
12:29:06,15	-1,22757	
12:29:06,17	-2,9986	
12:29:06,19	-1,09474	
12:29:06,21	-0,87336	
12:29:06,22	-0,917636	
12:29:06,24	-1,00619	
12:29:06,26	-1,67032	
12:29:06,28	-1,40467	
12:29:06,29	-1,80315	
12:29:06,31	-1,36039	
12:29:06,33	-1,62605	
12:29:06,35	-0,917636	
12:29:06,36	-1,05046	
12:29:06,37	-1,22757	
12:29:06,39	-1,27184	
12:29:06,40	-1,00619	
12:29:06,42	-1,62605	
12:29:06,43	-1,27184	
12:29:06,44	-1,27184	
12:29:06,46	-1,13901	
12:29:06,47	-1,05046	
12:29:06,48	-1,22757	
12:29:06,50	-1,31612	
12:29:06,51	-1,31612	
12:29:06,54	-1,18329	
12:29:06,55	-1,44895	
12:29:06,56	-1,27184	
12:29:06,58	-1,7146	
12:29:06,60	-1,18329	
12:29:06,61	-1,36039	
12:29:06,63	-1,40467	
12:29:06,64	-1,13901	
12:29:06,66	-1,13901	
12:29:06,68	-1,44895	
12:29:06,70	-1,31612	
12:29:06,72	-1,36039	
12:29:06,74	-1,27184	
12:29:06,75	-1,36039	
12:29:06,77	-1,27184	
12:29:06,79	-1,13901	
12:29:06,81	-1,00619	
12:29:06,82	-1,13901	
12:29:06,84	-1,18329	
12:29:06,85	-1,36039	
12:29:06,86	-1,44895	
12:29:06,88	-1,22757	
12:29:06,90	-1,05046	
12:29:06,91	-1,27184	
12:29:06,94	-1,27184	
12:29:06,96	-1,44895	
12:29:06,98	-1,49322	
12:29:07,00	-1,44895	
12:29:07,02	-1,44895	
12:29:07,04	-1,36039	
12:29:07,06	-0,961912	
12:29:07,08	-1,00619	
12:29:07,10	-0,917636	
12:29:07,12	-1,13901	
12:29:07,13	-1,18329	
12:29:07,15	-1,05046	
12:29:07,16	-1,09474	
12:29:07,18	-1,36039	
12:29:07,19	-0,917636	
12:29:07,21	-1,22757	
12:29:07,22	-1,5375	
12:29:07,24	-1,36039	
12:29:07,25	-1,18329	
12:29:07,27	-1,18329	
12:29:07,28	-1,09474	
12:29:07,29	-1,49322	
12:29:07,31	-1,44895	
12:29:07,32	-1,00619	
12:29:07,34	-1,49322	
12:29:07,35	-1,13901	
12:29:07,36	-1,27184	
12:29:07,38	-1,40467	
12:29:07,39	-1,31612	
12:29:07,40	-1,18329	
12:29:07,42	-1,36039	
12:29:07,43	-1,31612	
12:29:07,45	-1,27184	
12:29:07,46	-1,22757	
12:29:07,47	-1,80315	
12:29:07,49	-1,31612	
12:29:07,50	-1,36039	
12:29:07,51	-1,31612	
12:29:07,53	-1,18329	
12:29:07,54	-1,13901	
12:29:07,56	-1,62605	
12:29:07,57	-1,8917	
12:29:07,59	-1,18329	
12:29:07,61	-1,27184	
12:29:07,62	-1,67032	
12:29:07,63	-1,18329	
12:29:07,64	-1,18329	
12:29:07,66	-1,31612	
12:29:07,68	-1,44895	
12:29:07,70	-1,44895	
12:29:07,72	-1,44895	
12:29:07,74	-1,27184	
12:29:07,76	-1,22757	
12:29:07,78	-0,917636	
12:29:07,80	-1,27184	
12:29:07,82	-1,18329	
12:29:07,84	-1,18329	
12:29:07,86	-1,22757	
12:29:07,88	-1,31612	
12:29:07,89	-1,09474	
12:29:07,90	-0,829084	
12:29:07,92	-0,961912	
12:29:07,93	-1,36039	
12:29:07,94	-1,09474	
12:29:07,95	-1,5375	
12:29:07,97	-1,09474	
12:29:07,99	-1,5375	
12:29:08,00	-1,36039	
12:29:08,01	-1,75888	
12:29:08,03	-1,49322	
12:29:08,05	-1,00619	
12:29:08,07	-1,27184	
12:29:08,09	-1,00619	
12:29:08,10	-1,40467	
12:29:08,12	-1,36039	
12:29:08,15	-1,40467	
12:29:08,17	-1,44895	
12:29:08,20	-1,31612	
12:29:08,21	-1,09474	
12:29:08,23	-1,36039	
12:29:08,24	-1,00619	
12:29:08,26	-1,40467	
12:29:08,27	-1,36039	
12:29:08,29	-1,05046	
12:29:08,30	-1,36039	
12:29:08,31	-1,36039	
12:29:08,33	-1,40467	
12:29:08,34	-1,22757	
12:29:08,35	-1,58177	
12:29:08,36	-1,27184	
12:29:08,38	-1,05046	
12:29:08,39	-1,40467	
12:29:08,40	-0,784808	
12:29:08,41	-1,22757	
12:29:08,43	-1,05046	
12:29:08,44	-1,09474	
12:29:08,45	-1,62605	
12:29:08,47	-1,44895	
12:29:08,49	-1,27184	
12:29:08,50	-1,44895	
12:29:08,52	-1,22757	
12:29:08,54	-1,44895	
12:29:08,55	-1,13901	
12:29:08,56	-0,829084	
12:29:08,58	-1,36039	
12:29:08,60	-1,31612	
12:29:08,62	-1,36039	
12:29:08,63	-1,7146	
12:29:08,65	-1,27184	
12:29:08,67	-1,27184	
12:29:08,68	-1,49322	
12:29:08,70	-1,44895	
12:29:08,71	-1,40467	
12:29:08,72	-1,13901	
12:29:08,74	-0,784808	
12:29:08,76	-1,31612	
12:29:08,79	-1,5375	
12:29:08,81	-1,18329	
12:29:08,82	-1,05046	
12:29:08,84	-0,917636	
12:29:08,86	-1,13901	
12:29:08,88	-1,00619	
12:29:08,90	-0,917636	
12:29:08,92	-0,829084	
12:29:08,94	-1,05046	
12:29:08,96	-1,49322	
12:29:08,98	-1,09474	
12:29:09,00	-0,651981	
12:29:09,02	-0,87336	
12:29:09,04	-1,49322	
12:29:09,05	-0,917636	
12:29:09,07	-1,00619	
12:29:09,08	-1,18329	
12:29:09,09	-1,62605	
12:29:09,10	-1,44895	
12:29:09,12	-0,917636	
12:29:09,13	-1,31612	
12:29:09,14	-1,09474	
12:29:09,16	-1,27184	
12:29:09,17	-1,31612	
12:29:09,18	-0,607705	
12:29:09,20	-0,917636	
12:29:09,21	-1,36039	
12:29:09,22	-0,829084	
12:29:09,24	-1,31612	
12:29:09,26	-1,40467	
12:29:09,27	-1,13901	
12:29:09,29	-1,49322	
12:29:09,31	-1,62605	
12:29:09,33	-1,36039	
12:29:09,35	-1,67032	
12:29:09,36	-1,09474	
12:29:09,38	-1,18329	
12:29:09,40	-0,87336	
12:29:09,42	-1,36039	
12:29:09,43	-1,58177	
12:29:09,44	-1,36039	
12:29:09,46	-1,09474	
12:29:09,47	-1,44895	
12:29:09,48	-1,05046	
12:29:09,49	-1,36039	
12:29:09,51	-1,27184	
12:29:09,52	-1,5375	
12:29:09,53	-1,75888	
12:29:09,55	-1,36039	
12:29:09,56	-1,36039	
12:29:09,57	-1,58177	
12:29:09,59	-1,05046	
12:29:09,60	-0,961912	
12:29:09,61	-1,44895	
12:29:09,62	-1,18329	
12:29:09,64	-1,18329	
12:29:09,66	-1,18329	
12:29:09,68	-1,00619	
12:29:09,70	-0,961912	
12:29:09,71	-1,22757	
12:29:09,73	-1,5375	
12:29:09,75	-1,27184	
12:29:09,76	-1,09474	
12:29:09,77	-1,27184	
12:29:09,79	-1,27184	
12:29:09,80	-1,36039	
12:29:09,81	-1,22757	
12:29:09,83	-1,44895	
12:29:09,85	-1,09474	
12:29:09,86	-1,5375	
12:29:09,87	-1,22757	
12:29:09,89	-1,31612	
12:29:09,90	-1,5375	
12:29:09,91	-1,27184	
12:29:09,93	-1,13901	
12:29:09,94	-1,27184	
12:29:09,96	-1,27184	
12:29:09,97	-1,40467	
12:29:09,98	-1,27184	
12:29:09,99	-1,18329	
12:29:10,01	-1,44895	
12:29:10,02	-1,05046	
12:29:10,03	-1,44895	
12:29:10,05	-1,36039	
12:29:10,06	-1,18329	
12:29:10,07	-1,5375	
12:29:10,09	-1,44895	
12:29:10,10	-1,22757	
12:29:10,12	-1,27184	
12:29:10,13	-1,5375	
12:29:10,15	-1,36039	
12:29:10,17	-0,87336	
12:29:10,19	-1,62605	
12:29:10,21	-1,44895	
12:29:10,23	-1,05046	
12:29:10,25	-1,18329	
12:29:10,26	-1,18329	
12:29:10,28	-1,40467	
12:29:10,30	-1,22757	
12:29:10,32	-1,22757	
12:29:10,35	-1,5375	
12:29:10,37	-1,36039	
12:29:10,38	-1,27184	
12:29:10,39	-1,40467	
12:29:10,41	-1,36039	
12:29:10,42	-1,05046	
12:29:10,43	-1,09474	
12:29:10,44	-1,13901	
12:29:10,45	-1,31612	
12:29:10,47	-1,00619	
12:29:10,48	-1,18329	
12:29:10,49	-1,44895	
12:29:10,51	-1,36039	
12:29:10,52	-1,09474	
12:29:10,53	-1,36039	
12:29:10,54	-1,13901	
12:29:10,55	-1,00619	
12:29:10,57	-1,27184	
12:29:10,58	-1,09474	
12:29:10,59	-1,49322	
12:29:10,60	-1,09474	
12:29:10,61	-0,961912	
12:29:10,63	-1,44895	
12:29:10,64	-1,49322	
12:29:10,67	-1,75888	
12:29:10,68	-1,18329	
12:29:10,70	-0,829084	
12:29:10,72	-1,36039	
12:29:10,74	-1,00619	
12:29:10,76	-1,13901	
12:29:10,78	-1,27184	
12:29:10,80	-0,961912	
12:29:10,82	-1,40467	
12:29:10,84	-1,00619	
12:29:10,86	-1,36039	
12:29:10,88	-1,5375	
12:29:10,91	-1,09474	
12:29:10,93	-1,31612	
12:29:10,95	-1,05046	
12:29:10,97	-1,31612	
12:29:10,99	-1,67032	
12:29:11,00	-1,05046	
12:29:11,01	-1,31612	
12:29:11,03	-1,27184	
12:29:11,04	-1,27184	
12:29:11,05	-1,18329	
12:29:11,06	-1,13901	
12:29:11,08	-1,31612	
12:29:11,09	-1,40467	
12:29:11,11	-1,18329	
12:29:11,12	-1,00619	
12:29:11,13	-1,49322	
12:29:11,14	-0,961912	
12:29:11,15	-1,18329	
12:29:11,17	-1,13901	
12:29:11,19	-1,8917	
12:29:11,21	-1,22757	
12:29:11,24	-1,49322	
12:29:11,26	-1,80315	
12:29:11,27	-1,31612	
12:29:11,30	-1,18329	
12:29:11,32	-1,49322	
12:29:11,33	-1,05046	
12:29:11,35	-1,40467	
12:29:11,36	-1,40467	
12:29:11,38	-1,00619	
12:29:11,39	-1,22757	
12:29:11,41	-1,27184	
12:29:11,42	-0,917636	
12:29:11,43	-1,7146	
12:29:11,44	-1,00619	
12:29:11,46	-1,27184	
12:29:11,48	-1,00619	
12:29:11,50	-1,13901	
12:29:11,51	-1,7146	
12:29:11,52	-1,62605	
12:29:11,54	-1,36039	
12:29:11,56	-0,917636	
12:29:11,58	-1,13901	
12:29:11,60	-0,784808	
12:29:11,61	-1,13901	
12:29:11,63	-1,18329	
12:29:11,64	-1,31612	
12:29:11,66	-1,05046	
12:29:11,68	-1,40467	
12:29:11,70	-1,00619	
12:29:11,72	-1,18329	
12:29:11,73	-1,18329	
12:29:11,76	-1,31612	
12:29:11,77	-1,62605	
12:29:11,78	-1,00619	
12:29:11,79	-1,49322	
12:29:11,81	-1,05046	
12:29:11,83	-1,22757	
12:29:11,85	-1,40467	
12:29:11,86	-0,829084	
12:29:11,88	-1,00619	
12:29:11,90	-1,18329	
12:29:11,91	-1,31612	
12:29:11,93	-1,18329	
