Time - Plot 0	Bar - Plot 0	
16:36:40,74	-1,31612	
16:36:40,75	1,0305	
16:36:40,76	-1,8917	
16:36:40,76	1,60608	
16:36:40,78	-1,67032	
16:36:40,79	2,09312	
16:36:40,79	-3,83984	
16:36:40,80	0,897672	
16:36:40,81	-2,95432	
16:36:40,82	-0,120672	
16:36:40,83	-3,39708	
16:36:40,84	0,144983	
16:36:40,85	-3,70701	
16:36:40,86	-0,253499	
16:36:40,87	-0,519154	
16:36:40,88	-1,44895	
16:36:40,89	-0,740533	
16:36:40,90	-0,386326	
16:36:40,91	-1,36039	
16:36:40,92	-1,31612	
16:36:40,93	-1,84743	
16:36:40,94	-1,7146	
16:36:40,95	-0,474878	
16:36:40,96	-0,651981	
16:36:40,97	-0,740533	
16:36:40,98	-2,02453	
16:36:40,99	0,454914	
16:36:41,00	-1,75888	
16:36:41,01	1,42898	
16:36:41,02	-1,75888	
16:36:41,03	0,410638	
16:36:41,04	-2,06881	
16:36:41,04	1,51753	
16:36:41,05	-2,68867	
16:36:41,06	1,65036	
16:36:41,07	-3,1757	
16:36:41,08	-0,209223	
16:36:41,09	-3,08715	
16:36:41,10	-0,430602	
16:36:41,11	-1,93598	
16:36:41,12	-0,917636	
16:36:41,13	-0,784808	
16:36:41,14	-1,62605	
16:36:41,15	0,80912	
16:36:41,16	-0,917636	
16:36:41,17	-1,05046	
16:36:41,18	-0,740533	
16:36:41,19	1,0305	
16:36:41,19	-2,8215	
16:36:41,20	2,00457	
16:36:41,21	-3,3528	
16:36:41,22	-0,342051	
16:36:41,23	-3,1757	
16:36:41,24	-0,0321199	
16:36:41,25	-2,46729	
16:36:41,26	-1,27184	
16:36:41,27	-0,651981	
16:36:41,28	-1,00619	
16:36:41,29	-0,474878	
16:36:41,30	-0,740533	
16:36:41,31	1,51753	
16:36:41,32	-1,93598	
16:36:41,32	1,65036	
16:36:41,33	-3,39708	
16:36:41,34	1,47326	
16:36:41,35	-2,51156	
16:36:41,36	0,0121559	
16:36:41,37	-3,57418	
16:36:41,38	1,11905	
16:36:41,39	-3,44136	
16:36:41,40	-0,87336	
16:36:41,41	0,366362	
16:36:41,42	-2,15736	
16:36:41,43	-1,13901	
16:36:41,44	-0,651981	
16:36:41,45	-1,22757	
16:36:41,46	-0,607705	
16:36:41,47	-3,66274	
16:36:41,48	-0,829084	
16:36:41,49	-0,209223	
16:36:41,50	-1,36039	
16:36:41,51	-1,22757	
16:36:41,52	-1,18329	
16:36:41,53	0,322086	
16:36:41,54	-1,8917	
16:36:41,55	-0,120672	
16:36:41,56	-1,40467	
16:36:41,57	1,47326	
16:36:41,57	-2,64439	
16:36:41,59	1,82746	
16:36:41,60	-2,02453	
16:36:41,61	0,277811	
16:36:41,62	-1,98026	
16:36:41,63	-1,5375	
16:36:41,64	-0,784808	
16:36:41,65	-0,297775	
16:36:41,66	0,189259	
16:36:41,67	-3,13143	
16:36:41,69	1,60608	
16:36:41,69	-3,39708	
16:36:41,70	0,941948	
16:36:41,72	-2,51156	
16:36:41,73	-0,474878	
16:36:41,74	0,100707	
16:36:41,75	-3,26425	
16:36:41,77	2,13739	
16:36:41,77	-2,95432	
16:36:41,78	0,0121559	
16:36:41,79	-3,48563	
16:36:41,81	2,22595	
16:36:41,82	-1,8917	
16:36:41,83	0,764844	
16:36:41,84	-0,784808	
16:36:41,85	-0,253499	
16:36:41,86	-1,75888	
16:36:41,86	1,65036	
16:36:41,88	-1,5375	
16:36:41,89	-1,8917	
16:36:41,90	-1,22757	
16:36:41,91	-3,75129	
16:36:41,92	-0,0763957	
16:36:41,93	-3,30853	
16:36:41,94	0,0121559	
16:36:41,95	-3,30853	
16:36:41,96	-0,607705	
16:36:41,97	-1,62605	
16:36:41,98	-1,5375	
16:36:41,99	-0,430602	
16:36:42,00	-0,253499	
16:36:42,01	-1,7146	
16:36:42,02	-1,09474	
16:36:42,03	1,34043	
16:36:42,04	-2,06881	
16:36:42,05	-1,09474	
16:36:42,06	-0,164947	
16:36:42,07	1,65036	
16:36:42,07	-2,51156	
16:36:42,08	1,65036	
16:36:42,10	-1,44895	
16:36:42,11	-0,917636	
16:36:42,12	-1,36039	
16:36:42,13	-0,120672	
16:36:42,14	-0,784808	
16:36:42,15	-1,18329	
16:36:42,16	-0,696257	
16:36:42,17	-1,40467	
16:36:42,18	-0,519154	
16:36:42,19	-2,77722	
16:36:42,20	-0,740533	
16:36:42,21	-3,21998	
16:36:42,22	0,277811	
16:36:42,23	-2,29019	
16:36:42,24	-0,519154	
16:36:42,25	-2,95432	
16:36:42,26	-0,164947	
16:36:42,27	-3,21998	
16:36:42,28	-0,0321199	
16:36:42,29	-3,1757	
16:36:42,30	-1,13901	
16:36:42,31	-2,9986	
16:36:42,33	1,65036	
16:36:42,33	-3,66274	
16:36:42,35	0,49919	
16:36:42,36	-0,784808	
16:36:42,37	-1,7146	
16:36:42,38	-0,253499	
16:36:42,39	-3,26425	
16:36:42,40	0,144983	
16:36:42,41	-3,44136	
16:36:42,42	1,51753	
16:36:42,43	-3,04287	
16:36:42,44	1,73891	
16:36:42,45	-2,51156	
16:36:42,46	-0,297775	
16:36:42,47	-2,95432	
16:36:42,48	-0,430602	
16:36:42,49	-3,79556	
16:36:42,50	-0,253499	
16:36:42,51	-1,62605	
16:36:42,52	-0,917636	
16:36:42,53	-2,91005	
16:36:42,54	-0,120672	
16:36:42,55	-2,51156	
16:36:42,56	-0,386326	
16:36:42,57	-0,342051	
16:36:42,58	-0,563429	
16:36:42,59	-2,55584	
16:36:42,60	-1,09474	
16:36:42,61	-3,57418	
16:36:42,62	-0,386326	
16:36:42,63	-0,297775	
16:36:42,64	-0,829084	
16:36:42,65	0,366362	
16:36:42,66	-1,93598	
16:36:42,67	0,233535	
16:36:42,68	-1,44895	
16:36:42,69	-0,917636	
16:36:42,70	-1,7146	
16:36:42,71	-1,7146	
16:36:42,72	-0,917636	
16:36:42,73	0,676293	
16:36:42,74	-1,27184	
16:36:42,75	0,100707	
16:36:42,76	-0,961912	
16:36:42,77	-0,563429	
16:36:42,78	-1,00619	
16:36:42,79	-3,13143	
16:36:42,80	-0,386326	
16:36:42,81	-4,01694	
16:36:42,82	-0,386326	
16:36:42,83	-3,08715	
16:36:42,84	0,144983	
16:36:42,85	-2,86577	
16:36:42,86	-1,5375	
16:36:42,87	-0,917636	
16:36:42,88	-1,05046	
16:36:42,89	-2,06881	
16:36:42,90	-1,40467	
16:36:42,91	-0,651981	
16:36:42,92	-1,05046	
16:36:42,93	0,853396	
16:36:42,94	-1,84743	
16:36:42,95	-0,164947	
16:36:42,96	-1,09474	
16:36:42,97	-1,75888	
16:36:42,98	0,144983	
16:36:42,99	-3,70701	
16:36:43,00	0,144983	
16:36:43,02	-2,02453	
16:36:43,03	-0,519154	
16:36:43,04	-1,62605	
16:36:43,05	-2,42301	
16:36:43,06	-0,342051	
16:36:43,07	-2,9986	
16:36:43,08	-0,386326	
16:36:43,09	-2,9986	
16:36:43,10	-0,430602	
16:36:43,11	-3,61846	
16:36:43,12	-0,0763957	
16:36:43,13	-1,36039	
16:36:43,14	-0,164947	
16:36:43,15	-3,39708	
16:36:43,16	0,144983	
16:36:43,17	-3,92839	
16:36:43,18	-0,253499	
16:36:43,19	-2,8215	
16:36:43,20	-0,607705	
16:36:43,21	-3,21998	
16:36:43,22	-0,0321199	
16:36:43,23	-1,40467	
16:36:43,24	-0,0763957	
16:36:43,25	-3,04287	
16:36:43,26	1,91602	
16:36:43,28	-1,31612	
16:36:43,29	-3,57418	
16:36:43,30	0,189259	
16:36:43,31	-3,3528	
16:36:43,32	0,941948	
16:36:43,33	-3,88411	
16:36:43,34	-0,386326	
16:36:43,35	-3,70701	
16:36:43,36	-0,0321199	
16:36:43,37	-3,44136	
16:36:43,38	1,60608	
16:36:43,39	-3,26425	
16:36:43,40	-0,120672	
16:36:43,41	-2,95432	
16:36:43,42	1,42898	
16:36:43,43	-3,26425	
16:36:43,45	1,51753	
16:36:43,46	-1,7146	
16:36:43,47	2,00457	
16:36:43,48	-2,77722	
16:36:43,48	1,65036	
16:36:43,50	-2,24591	
16:36:43,51	-0,563429	
16:36:43,52	-1,18329	
16:36:43,53	-3,83984	
16:36:43,54	-0,120672	
16:36:43,56	-2,64439	
16:36:43,57	1,87174	
16:36:43,58	-1,84743	
16:36:43,59	1,07478	
16:36:43,60	-0,519154	
16:36:43,61	-1,93598	
16:36:43,62	-0,0763957	
16:36:43,63	-3,44136	
16:36:43,64	0,144983	
16:36:43,65	-3,21998	
16:36:43,66	-0,917636	
16:36:43,67	-2,42301	
16:36:43,68	-0,0321199	
16:36:43,69	-3,04287	
16:36:43,70	-0,297775	
16:36:43,71	-3,3528	
16:36:43,72	1,91602	
16:36:43,73	-2,64439	
16:36:43,75	0,853396	
16:36:43,76	-1,22757	
16:36:43,77	-0,961912	
16:36:43,78	-0,297775	
16:36:43,79	-3,21998	
16:36:43,80	-0,120672	
16:36:43,81	-2,86577	
16:36:43,83	1,91602	
16:36:43,84	-2,51156	
16:36:43,84	0,277811	
16:36:43,85	-2,91005	
16:36:43,87	1,60608	
16:36:43,87	-4,2826	
16:36:43,88	0,144983	
16:36:43,89	-3,57418	
16:36:43,90	-0,164947	
16:36:43,91	-2,15736	
16:36:43,92	-0,297775	
16:36:43,93	-1,44895	
16:36:43,94	-0,651981	
16:36:43,95	0,0121559	
16:36:43,96	-0,0763957	
16:36:43,97	-3,79556	
16:36:43,98	1,38471	
16:36:44,00	-2,15736	
16:36:44,01	1,25188	
16:36:44,02	-1,80315	
16:36:44,03	-3,88411	
16:36:44,04	0,277811	
16:36:44,06	-2,29019	
16:36:44,07	-0,209223	
16:36:44,08	-0,829084	
16:36:44,09	1,11905	
16:36:44,10	-1,62605	
16:36:44,11	-1,36039	
16:36:44,12	-0,519154	
16:36:44,13	-3,97267	
16:36:44,14	-0,474878	
16:36:44,15	-1,67032	
16:36:44,16	-0,961912	
16:36:44,17	-2,91005	
16:36:44,18	-0,740533	
16:36:44,19	-0,829084	
16:36:44,20	-0,651981	
16:36:44,21	-3,21998	
16:36:44,23	2,04884	
16:36:44,24	-2,11308	
16:36:44,25	0,144983	
16:36:44,26	-2,06881	
16:36:44,27	-0,917636	
16:36:44,28	-0,829084	
16:36:44,29	-0,740533	
16:36:44,30	-1,44895	
16:36:44,31	-3,44136	
16:36:44,32	-0,164947	
16:36:44,33	-2,86577	
16:36:44,34	-1,44895	
16:36:44,35	0,543465	
16:36:44,36	-0,164947	
16:36:44,37	-3,83984	
16:36:44,38	-0,0321199	
16:36:44,39	-3,30853	
16:36:44,40	-0,474878	
16:36:44,41	-3,08715	
16:36:44,42	-0,120672	
16:36:44,43	-3,52991	
16:36:44,44	0,0564317	
16:36:44,45	-3,04287	
16:36:44,46	-0,0763957	
16:36:44,47	-2,46729	
16:36:44,48	-1,09474	
16:36:44,49	-1,98026	
16:36:44,50	-1,00619	
16:36:44,51	-0,607705	
16:36:44,52	-1,09474	
16:36:44,53	0,0121559	
16:36:44,54	-1,22757	
16:36:44,55	1,42898	
16:36:44,56	-1,7146	
16:36:44,56	1,60608	
16:36:44,57	-3,30853	
16:36:44,58	0,0121559	
16:36:44,59	-3,04287	
16:36:44,60	-0,209223	
16:36:44,61	-3,48563	
16:36:44,62	-0,430602	
16:36:44,63	-1,58177	
16:36:44,64	-0,784808	
16:36:44,65	-1,80315	
16:36:44,66	-0,696257	
16:36:44,67	-0,253499	
16:36:44,68	-0,961912	
16:36:44,69	-0,829084	
16:36:44,70	-1,80315	
16:36:44,71	0,0121559	
16:36:44,72	-1,67032	
16:36:44,73	-0,563429	
16:36:44,74	-1,44895	
16:36:44,75	2,09312	
16:36:44,76	-0,209223	
16:36:44,77	-0,917636	
16:36:44,78	-1,8917	
16:36:44,79	-1,62605	
16:36:44,80	-0,87336	
16:36:44,81	-0,474878	
16:36:44,82	-0,784808	
16:36:44,83	-1,22757	
16:36:44,84	-0,696257	
16:36:44,85	-0,784808	
16:36:44,86	-0,563429	
16:36:44,87	-2,95432	
16:36:44,88	-0,961912	
16:36:44,89	-0,120672	
16:36:44,90	-1,22757	
16:36:44,91	0,676293	
16:36:44,92	-0,563429	
16:36:44,93	-0,563429	
16:36:44,94	-1,67032	
16:36:44,95	-3,08715	
16:36:44,96	-0,386326	
16:36:44,97	-2,15736	
16:36:44,98	-0,297775	
16:36:44,99	-1,00619	
16:36:45,00	-2,33446	
16:36:45,01	-0,696257	
16:36:45,02	-0,917636	
16:36:45,03	-0,0763957	
16:36:45,04	-1,27184	
16:36:45,05	1,11905	
16:36:45,06	-1,44895	
16:36:45,07	1,60608	
16:36:45,08	-1,00619	
16:36:45,09	-1,00619	
16:36:45,10	-2,06881	
16:36:45,11	1,69464	
16:36:45,11	-3,75129	
16:36:45,13	1,73891	
16:36:45,14	-2,06881	
16:36:45,14	1,60608	
16:36:45,16	-3,52991	
16:36:45,16	0,941948	
16:36:45,17	-3,66274	
16:36:45,18	0,0121559	
16:36:45,19	-3,66274	
16:36:45,20	1,07478	
16:36:45,21	-3,48563	
16:36:45,22	-0,253499	
16:36:45,23	-3,66274	
16:36:45,24	-1,00619	
16:36:45,25	-1,13901	
16:36:45,26	-0,961912	
16:36:45,27	-1,7146	
16:36:45,28	-0,87336	
16:36:45,29	0,277811	
16:36:45,30	-1,80315	
16:36:45,31	-0,209223	
16:36:45,32	-1,8917	
16:36:45,33	1,65036	
16:36:45,34	-2,11308	
16:36:45,35	0,277811	
16:36:45,36	-1,7146	
16:36:45,37	0,233535	
16:36:45,38	-0,740533	
16:36:45,39	-0,961912	
16:36:45,40	-0,474878	
16:36:45,41	-1,13901	
16:36:45,42	-1,67032	
16:36:45,43	0,853396	
16:36:45,44	-0,784808	
16:36:45,45	-0,164947	
16:36:45,46	-1,8917	
16:36:45,47	1,38471	
16:36:45,48	-1,62605	
16:36:45,49	-1,27184	
16:36:45,50	-1,49322	
16:36:45,51	-3,3528	
16:36:45,52	0,0121559	
16:36:45,53	-2,24591	
16:36:45,54	-0,297775	
16:36:45,55	-1,58177	
16:36:45,56	-0,829084	
16:36:45,57	-0,651981	
16:36:45,58	-1,8917	
16:36:45,59	-1,00619	
16:36:45,60	-0,563429	
16:36:45,61	-0,829084	
16:36:45,62	-0,784808	
16:36:45,63	-1,80315	
16:36:45,64	-1,7146	
16:36:45,65	1,47326	
16:36:45,66	-1,62605	
16:36:45,67	-0,164947	
16:36:45,68	-1,44895	
16:36:45,69	0,587741	
16:36:45,70	-0,917636	
16:36:45,71	0,233535	
16:36:45,72	-2,42301	
16:36:45,73	-1,00619	
16:36:45,74	-1,36039	
16:36:45,75	1,07478	
16:36:45,76	-2,42301	
16:36:45,77	0,100707	
16:36:45,78	-1,93598	
16:36:45,79	1,11905	
16:36:45,80	-1,18329	
16:36:45,81	-1,75888	
16:36:45,82	-1,27184	
16:36:45,83	0,100707	
16:36:45,84	-0,696257	
16:36:45,85	0,0564317	
16:36:45,86	-2,42301	
16:36:45,86	1,56181	
16:36:45,87	-3,3528	
16:36:45,88	-0,0321199	
16:36:45,89	-3,97267	
16:36:45,90	-0,386326	
16:36:45,91	-3,70701	
16:36:45,92	-0,0763957	
16:36:45,93	-1,75888	
16:36:45,94	-0,209223	
16:36:45,95	-3,04287	
16:36:45,96	-0,297775	
16:36:45,97	-2,24591	
16:36:45,98	-1,31612	
16:36:45,99	-2,29019	
16:36:46,00	-1,18329	
16:36:46,01	-1,49322	
16:36:46,02	-0,917636	
16:36:46,03	-1,8917	
16:36:46,04	-0,607705	
16:36:46,05	-0,474878	
16:36:46,06	-0,651981	
16:36:46,07	-3,3528	
16:36:46,08	-0,917636	
16:36:46,09	0,144983	
16:36:46,10	-1,67032	
16:36:46,11	0,454914	
16:36:46,12	-1,58177	
16:36:46,13	0,0121559	
16:36:46,14	-1,58177	
16:36:46,15	-0,209223	
16:36:46,16	-2,33446	
16:36:46,17	1,91602	
16:36:46,18	-1,8917	
16:36:46,19	-1,62605	
16:36:46,20	-1,36039	
16:36:46,21	-3,21998	
16:36:46,22	0,100707	
16:36:46,23	-3,70701	
16:36:46,24	0,0564317	
16:36:46,25	-3,08715	
16:36:46,26	-0,342051	
16:36:46,27	-3,3528	
16:36:46,28	-0,209223	
16:36:46,29	-3,26425	
16:36:46,30	-0,386326	
16:36:46,31	-2,8215	
16:36:46,32	-0,740533	
16:36:46,33	-0,917636	
16:36:46,34	-0,740533	
16:36:46,35	-1,00619	
16:36:46,36	-1,62605	
16:36:46,37	1,07478	
16:36:46,38	-1,62605	
16:36:46,39	-0,430602	
16:36:46,40	-1,31612	
16:36:46,41	-1,62605	
16:36:46,42	-0,519154	
16:36:46,43	-1,5375	
16:36:46,44	-1,7146	
16:36:46,45	0,144983	
16:36:46,46	-0,87336	
16:36:46,47	-1,7146	
16:36:46,48	-1,09474	
16:36:46,49	-0,829084	
16:36:46,50	-1,8917	
16:36:46,51	1,60608	
16:36:46,52	-2,20163	
16:36:46,53	1,34043	
16:36:46,54	-2,42301	
16:36:46,55	1,56181	
16:36:46,56	-2,33446	
16:36:46,56	1,29615	
16:36:46,57	-3,13143	
16:36:46,58	1,0305	
16:36:46,59	-3,21998	
16:36:46,60	0,100707	
16:36:46,61	-3,26425	
16:36:46,62	-0,342051	
16:36:46,63	-1,8917	
16:36:46,64	-2,02453	
16:36:46,65	0,100707	
16:36:46,66	-0,474878	
16:36:46,67	-3,26425	
16:36:46,68	-0,696257	
16:36:46,69	-0,519154	
16:36:46,70	-1,31612	
16:36:46,71	-2,91005	
16:36:46,72	-1,18329	
16:36:46,73	0,897672	
16:36:46,74	-2,46729	
16:36:46,74	1,69464	
16:36:46,76	-2,29019	
16:36:46,77	0,410638	
16:36:46,78	-2,51156	
16:36:46,79	-1,80315	
16:36:46,80	-0,917636	
16:36:46,81	-0,297775	
16:36:46,82	-1,7146	
16:36:46,83	-1,27184	
16:36:46,84	-1,5375	
16:36:46,85	0,897672	
16:36:46,86	-1,93598	
16:36:46,87	0,0564317	
16:36:46,88	-2,42301	
16:36:46,89	1,91602	
16:36:46,89	-3,70701	
16:36:46,90	2,00457	
16:36:46,91	-3,30853	
16:36:46,92	0,0564317	
16:36:46,93	-3,66274	
16:36:46,94	-1,36039	
16:36:46,95	0,100707	
16:36:46,96	-1,84743	
16:36:46,97	-0,519154	
16:36:46,98	-2,51156	
16:36:46,99	0,941948	
16:36:47,00	-1,62605	
16:36:47,01	1,87174	
16:36:47,02	-1,31612	
16:36:47,03	-0,120672	
16:36:47,04	-0,961912	
16:36:47,05	0,322086	
16:36:47,06	-1,00619	
16:36:47,07	-2,20163	
16:36:47,08	-1,05046	
16:36:47,09	-1,7146	
16:36:47,10	-1,36039	
16:36:47,11	0,410638	
16:36:47,12	-1,58177	
16:36:47,13	-2,77722	
16:36:47,14	-0,297775	
16:36:47,15	-3,30853	
16:36:47,16	-1,49322	
16:36:47,17	-3,39708	
16:36:47,18	-0,961912	
16:36:47,19	-0,917636	
16:36:47,20	-2,15736	
16:36:47,21	-2,55584	
16:36:47,22	-0,0763957	
16:36:47,23	-2,60012	
16:36:47,24	0,49919	
16:36:47,25	-3,48563	
16:36:47,26	-0,342051	
16:36:47,27	-3,13143	
16:36:47,28	0,233535	
16:36:47,29	-3,1757	
16:36:47,30	-0,829084	
16:36:47,31	-3,1757	
16:36:47,32	-0,164947	
16:36:47,33	-2,9986	
16:36:47,34	-0,386326	
16:36:47,35	-3,26425	
16:36:47,36	-1,98026	
16:36:47,37	-1,31612	
16:36:47,38	-0,961912	
16:36:47,39	-0,253499	
16:36:47,40	-1,67032	
16:36:47,41	-1,40467	
16:36:47,42	-1,36039	
16:36:47,43	0,189259	
16:36:47,44	-1,44895	
16:36:47,45	-0,209223	
16:36:47,46	-1,98026	
16:36:47,47	0,897672	
16:36:47,48	-0,917636	
16:36:47,49	-0,253499	
16:36:47,50	-1,22757	
16:36:47,51	-0,740533	
16:36:47,52	-1,44895	
16:36:47,53	0,986223	
16:36:47,54	-1,75888	
16:36:47,55	-0,297775	
16:36:47,56	-1,22757	
16:36:47,57	1,11905	
16:36:47,58	-0,563429	
16:36:47,59	-0,87336	
16:36:47,60	-1,80315	
16:36:47,61	-0,519154	
16:36:47,62	-1,09474	
16:36:47,63	1,38471	
16:36:47,64	-1,80315	
16:36:47,65	1,96029	
16:36:47,66	-2,15736	
16:36:47,67	1,73891	
16:36:47,68	-2,68867	
16:36:47,68	1,07478	
16:36:47,69	-3,08715	
16:36:47,70	-0,0763957	
16:36:47,71	-3,66274	
16:36:47,72	-0,386326	
16:36:47,73	-0,829084	
16:36:47,74	-1,5375	
16:36:47,75	-1,7146	
16:36:47,76	-1,09474	
16:36:47,77	-0,519154	
16:36:47,78	-0,87336	
16:36:47,79	-2,64439	
16:36:47,80	-0,740533	
16:36:47,81	-3,3528	
16:36:47,82	-0,297775	
16:36:47,83	-2,24591	
16:36:47,84	-1,27184	
16:36:47,85	0,676293	
16:36:47,86	-2,02453	
16:36:47,87	-1,58177	
16:36:47,88	-0,740533	
16:36:47,89	-0,917636	
16:36:47,90	-1,67032	
16:36:47,91	-1,22757	
16:36:47,92	-0,784808	
16:36:47,93	-0,651981	
16:36:47,94	-1,18329	
16:36:47,95	2,00457	
16:36:47,96	-1,84743	
16:36:47,97	0,49919	
16:36:47,98	-1,80315	
16:36:47,99	2,27022	
16:36:47,99	-3,44136	
16:36:48,01	1,82746	
16:36:48,02	-2,02453	
16:36:48,03	1,47326	
16:36:48,04	-1,58177	
16:36:48,05	-1,27184	
16:36:48,06	-1,75888	
16:36:48,07	1,16333	
16:36:48,08	-1,13901	
16:36:48,09	-1,58177	
16:36:48,10	-1,44895	
16:36:48,11	-1,58177	
16:36:48,12	-0,474878	
16:36:48,13	-1,75888	
16:36:48,14	-0,474878	
16:36:48,15	-3,08715	
16:36:48,16	-1,22757	
16:36:48,17	-0,519154	
16:36:48,18	-1,09474	
16:36:48,19	0,941948	
16:36:48,20	-1,84743	
16:36:48,21	0,49919	
16:36:48,22	-2,51156	
16:36:48,23	-0,164947	
16:36:48,24	-1,18329	
16:36:48,25	0,0121559	
16:36:48,26	-1,93598	
16:36:48,27	1,82746	
16:36:48,28	-1,98026	
16:36:48,29	1,0305	
16:36:48,30	-2,51156	
16:36:48,31	0,410638	
16:36:48,32	-1,93598	
16:36:48,33	1,82746	
16:36:48,34	-2,02453	
16:36:48,35	0,366362	
16:36:48,36	-1,62605	
16:36:48,37	0,454914	
16:36:48,38	-1,18329	
16:36:48,39	2,13739	
16:36:48,40	-2,73294	
16:36:48,40	0,853396	
16:36:48,41	-3,52991	
16:36:48,42	1,2076	
16:36:48,43	-3,21998	
16:36:48,44	-0,342051	
16:36:48,45	-1,7146	
16:36:48,46	-0,164947	
16:36:48,47	-3,30853	
16:36:48,48	-0,120672	
16:36:48,49	-3,3528	
16:36:48,50	1,07478	
16:36:48,51	-3,66274	
16:36:48,52	-0,607705	
16:36:48,53	-0,651981	
16:36:48,54	-0,961912	
16:36:48,55	-1,05046	
16:36:48,56	-1,18329	
16:36:48,57	-1,00619	
16:36:48,58	-0,696257	
16:36:48,59	-1,00619	
16:36:48,60	-1,5375	
16:36:48,61	-1,22757	
16:36:48,62	-0,961912	
16:36:48,63	-0,164947	
16:36:48,64	-0,253499	
16:36:48,65	-3,97267	
16:36:48,66	-0,87336	
16:36:48,67	-3,79556	
16:36:48,68	0,322086	
16:36:48,69	-3,70701	
16:36:48,70	-0,607705	
16:36:48,71	-3,57418	
16:36:48,72	-0,342051	
16:36:48,73	-1,36039	
16:36:48,74	0,144983	
16:36:48,75	-3,83984	
16:36:48,76	0,0121559	
16:36:48,77	-3,26425	
16:36:48,78	-0,120672	
16:36:48,79	-3,48563	
16:36:48,80	-0,342051	
16:36:48,81	-0,386326	
16:36:48,82	-1,31612	
16:36:48,83	-0,519154	
16:36:48,84	-0,563429	
16:36:48,85	-2,11308	
16:36:48,86	-0,519154	
16:36:48,88	-2,42301	
16:36:48,89	-1,00619	
16:36:48,90	-0,0763957	
16:36:48,92	-2,37874	
16:36:48,93	1,38471	
16:36:48,94	-1,98026	
16:36:48,95	-0,342051	
16:36:48,96	-0,829084	
16:36:48,97	0,410638	
16:36:48,98	-1,40467	
16:36:48,99	-0,740533	
16:36:49,00	-1,13901	
16:36:49,01	-3,61846	
16:36:49,02	-0,164947	
16:36:49,03	-2,8215	
16:36:49,04	-0,164947	
16:36:49,05	-3,30853	
16:36:49,06	0,0564317	
16:36:49,07	-3,57418	
16:36:49,08	-0,209223	
16:36:49,09	-3,48563	
16:36:49,10	-0,563429	
16:36:49,11	-1,13901	
16:36:49,12	-1,80315	
16:36:49,13	0,0121559	
16:36:49,14	-1,49322	
16:36:49,15	1,60608	
16:36:49,16	-0,651981	
16:36:49,17	0,277811	
16:36:49,18	-1,98026	
16:36:49,19	1,91602	
16:36:49,19	-2,60012	
16:36:49,21	1,0305	
16:36:49,22	-1,7146	
16:36:49,23	0,410638	
16:36:49,24	-1,36039	
16:36:49,25	1,2076	
16:36:49,26	-2,42301	
16:36:49,27	2,04884	
16:36:49,28	-2,60012	
16:36:49,28	1,42898	
16:36:49,29	-3,30853	
16:36:49,30	1,82746	
16:36:49,31	-4,14977	
16:36:49,32	1,29615	
16:36:49,33	-3,39708	
16:36:49,34	-0,430602	
16:36:49,35	-1,5375	
16:36:49,36	-0,430602	
16:36:49,37	-2,86577	
16:36:49,38	-1,40467	
16:36:49,39	-1,05046	
16:36:49,40	-1,05046	
16:36:49,41	0,454914	
16:36:49,42	-1,58177	
16:36:49,43	-1,00619	
16:36:49,44	-1,13901	
16:36:49,45	1,96029	
16:36:49,46	-0,961912	
16:36:49,47	-1,09474	
16:36:49,48	-1,27184	
16:36:49,49	1,2076	
16:36:49,49	-2,55584	
16:36:49,51	1,82746	
16:36:49,52	-2,20163	
16:36:49,52	1,42898	
16:36:49,53	-3,30853	
16:36:49,54	0,941948	
16:36:49,56	-2,06881	
16:36:49,57	1,16333	
16:36:49,58	-0,651981	
16:36:49,59	0,587741	
16:36:49,60	-2,02453	
16:36:49,61	1,73891	
16:36:49,62	-2,55584	
16:36:49,62	1,29615	
16:36:49,63	-3,26425	
16:36:49,64	1,69464	
16:36:49,65	-2,91005	
16:36:49,66	0,277811	
16:36:49,67	-3,61846	
16:36:49,68	-0,297775	
16:36:49,69	-2,68867	
16:36:49,70	-1,44895	
16:36:49,71	-2,60012	
16:36:49,72	-0,342051	
16:36:49,73	-3,13143	
16:36:49,74	-0,120672	
16:36:49,75	-3,79556	
16:36:49,76	-0,253499	
16:36:49,77	-3,52991	
16:36:49,78	-0,120672	
16:36:49,79	-1,31612	
16:36:49,80	-1,62605	
16:36:49,81	-1,80315	
16:36:49,82	-0,740533	
16:36:49,83	-0,0763957	
16:36:49,84	-1,44895	
16:36:49,85	1,07478	
16:36:49,86	-1,62605	
16:36:49,87	1,91602	
16:36:49,88	-1,67032	
16:36:49,89	-0,0321199	
16:36:49,90	-2,33446	
16:36:49,90	1,69464	
16:36:49,91	-3,13143	
16:36:49,92	1,56181	
16:36:49,93	-3,66274	
16:36:49,94	0,189259	
16:36:49,95	-3,3528	
16:36:49,96	-0,0763957	
16:36:49,97	-3,57418	
16:36:49,98	-0,342051	
16:36:49,99	-3,1757	
16:36:50,00	-0,209223	
16:36:50,01	-1,7146	
16:36:50,02	-0,696257	
16:36:50,03	-1,18329	
16:36:50,04	-0,342051	
16:36:50,05	-2,15736	
16:36:50,06	-0,342051	
16:36:50,07	-2,9986	
16:36:50,08	-1,18329	
16:36:50,09	-2,55584	
16:36:50,10	-0,917636	
16:36:50,11	-0,430602	
16:36:50,12	-1,5375	
16:36:50,13	1,82746	
16:36:50,14	-1,93598	
16:36:50,15	2,35877	
16:36:50,16	-2,02453	
16:36:50,17	1,51753	
16:36:50,18	-1,40467	
16:36:50,19	-1,36039	
16:36:50,20	-0,607705	
16:36:50,21	-0,563429	
16:36:50,22	-0,784808	
16:36:50,23	1,11905	
16:36:50,24	-2,02453	
16:36:50,25	2,35877	
16:36:50,25	-2,77722	
16:36:50,26	-0,0321199	
16:36:50,27	-2,86577	
16:36:50,28	1,2076	
16:36:50,29	-3,97267	
16:36:50,30	0,0564317	
16:36:50,31	-3,21998	
16:36:50,32	0,144983	
16:36:50,33	-3,04287	
16:36:50,34	-0,253499	
16:36:50,35	-3,66274	
16:36:50,36	-0,740533	
16:36:50,37	-2,9986	
16:36:50,38	-1,18329	
16:36:50,39	-1,62605	
16:36:50,40	-1,40467	
16:36:50,41	-3,30853	
16:36:50,42	-0,740533	
16:36:50,43	0,0564317	
16:36:50,44	-1,00619	
16:36:50,45	0,0121559	
16:36:50,46	-1,13901	
16:36:50,47	0,144983	
16:36:50,48	-0,87336	
16:36:50,49	-1,31612	
16:36:50,50	-1,00619	
16:36:50,51	-2,95432	
16:36:50,52	-0,563429	
16:36:50,53	-0,430602	
16:36:50,54	-1,62605	
16:36:50,55	1,65036	
16:36:50,56	-1,13901	
16:36:50,57	-1,44895	
16:36:50,58	-1,84743	
16:36:50,59	-0,0321199	
16:36:50,60	-2,51156	
16:36:50,61	1,51753	
16:36:50,62	-2,11308	
16:36:50,62	1,65036	
16:36:50,63	-3,21998	
16:36:50,64	1,16333	
16:36:50,65	-3,39708	
16:36:50,66	0,189259	
16:36:50,67	-3,57418	
16:36:50,68	0,144983	
16:36:50,69	-2,68867	
16:36:50,70	-0,696257	
16:36:50,71	-4,19404	
16:36:50,72	0,100707	
16:36:50,73	-3,61846	
16:36:50,75	1,78319	
16:36:50,76	-2,29019	
16:36:50,76	1,73891	
16:36:50,77	-3,52991	
16:36:50,78	1,11905	
16:36:50,79	-3,04287	
16:36:50,80	1,87174	
16:36:50,81	-3,57418	
16:36:50,82	0,233535	
16:36:50,83	-3,79556	
16:36:50,84	1,47326	
16:36:50,85	-2,42301	
16:36:50,86	0,986223	
16:36:50,87	-2,77722	
16:36:50,88	1,47326	
16:36:50,89	-3,39708	
16:36:50,90	-0,297775	
16:36:50,91	-3,21998	
16:36:50,92	0,0121559	
16:36:50,93	-2,91005	
16:36:50,94	-0,164947	
16:36:50,95	-3,83984	
16:36:50,96	-0,342051	
16:36:50,97	-3,30853	
16:36:50,98	0,0564317	
16:36:50,99	-2,95432	
16:36:51,00	-1,40467	
16:36:51,01	-2,73294	
16:36:51,02	-0,651981	
16:36:51,03	-1,05046	
16:36:51,04	-0,209223	
16:36:51,05	-1,80315	
16:36:51,06	-0,961912	
16:36:51,07	-1,75888	
16:36:51,08	-0,430602	
16:36:51,09	-2,95432	
16:36:51,10	-0,297775	
16:36:51,11	-3,30853	
16:36:51,12	-0,386326	
16:36:51,13	-1,5375	
16:36:51,14	-0,253499	
16:36:51,15	-3,61846	
16:36:51,16	-0,917636	
16:36:51,17	-3,13143	
16:36:51,18	-0,253499	
16:36:51,19	-3,52991	
16:36:51,20	0,144983	
16:36:51,21	-3,08715	
16:36:51,22	-0,120672	
16:36:51,23	-0,253499	
16:36:51,24	-0,829084	
16:36:51,25	-1,31612	
16:36:51,26	-1,67032	
16:36:51,27	-2,24591	
16:36:51,28	-0,253499	
16:36:51,29	-1,49322	
16:36:51,30	-1,67032	
16:36:51,31	-1,49322	
16:36:51,32	-1,13901	
16:36:51,33	-1,00619	
16:36:51,34	-1,7146	
16:36:51,34	1,96029	
16:36:51,35	-2,06881	
16:36:51,36	1,69464	
16:36:51,37	-2,8215	
16:36:51,38	1,65036	
16:36:51,39	-3,1757	
16:36:51,40	1,11905	
16:36:51,41	-3,13143	
16:36:51,42	-0,297775	
16:36:51,43	-3,30853	
16:36:51,44	-1,09474	
16:36:51,45	-0,297775	
16:36:51,46	-0,696257	
16:36:51,47	-3,39708	
16:36:51,48	-0,342051	
16:36:51,49	-1,00619	
16:36:51,50	-0,430602	
16:36:51,51	-2,91005	
16:36:51,52	-0,120672	
16:36:51,53	-3,52991	
16:36:51,54	-0,0763957	
16:36:51,55	-3,1757	
16:36:51,56	-0,961912	
16:36:51,57	-3,1757	
16:36:51,58	-0,696257	
16:36:51,59	-1,00619	
16:36:51,60	-1,8917	
16:36:51,61	-1,75888	
16:36:51,62	-0,164947	
16:36:51,63	-0,120672	
16:36:51,64	-0,607705	
16:36:51,65	-1,27184	
16:36:51,66	-1,93598	
16:36:51,66	2,00457	
16:36:51,68	-2,15736	
16:36:51,69	1,29615	
16:36:51,69	-2,46729	
16:36:51,71	1,56181	
16:36:51,72	-1,62605	
16:36:51,73	1,51753	
16:36:51,73	-2,11308	
16:36:51,75	1,87174	
16:36:51,75	-3,3528	
16:36:51,76	-0,120672	
16:36:51,77	-3,26425	
16:36:51,78	0,0564317	
16:36:51,79	-2,73294	
16:36:51,80	-0,342051	
16:36:51,81	-3,57418	
16:36:51,82	0,0121559	
16:36:51,83	-2,9986	
16:36:51,84	1,07478	
16:36:51,85	-3,30853	
16:36:51,86	-0,297775	
16:36:51,87	-3,21998	
16:36:51,88	-0,297775	
16:36:51,89	-2,29019	
16:36:51,90	-1,22757	
16:36:51,91	-2,86577	
16:36:51,92	-0,342051	
16:36:51,93	-1,36039	
16:36:51,94	-0,120672	
16:36:51,95	-3,57418	
16:36:51,96	-0,519154	
16:36:51,97	-3,52991	
16:36:51,98	0,100707	
16:36:51,99	-4,06122	
16:36:52,00	-0,297775	
16:36:52,01	-0,607705	
16:36:52,02	-1,18329	
16:36:52,03	-2,51156	
16:36:52,04	-1,36039	
16:36:52,05	-1,67032	
16:36:52,06	0,233535	
16:36:52,07	-3,79556	
16:36:52,08	-0,386326	
16:36:52,09	-3,04287	
16:36:52,10	-0,917636	
16:36:52,11	-0,607705	
16:36:52,12	-0,740533	
16:36:52,13	-0,209223	
16:36:52,14	-1,05046	
16:36:52,15	-0,961912	
16:36:52,16	-1,31612	
16:36:52,17	0,189259	
16:36:52,18	-1,18329	
16:36:52,19	0,720569	
16:36:52,19	-3,26425	
16:36:52,20	1,65036	
16:36:52,21	-2,95432	
16:36:52,22	0,454914	
16:36:52,23	-3,75129	
16:36:52,24	1,25188	
16:36:52,25	-3,21998	
16:36:52,26	-0,209223	
16:36:52,27	-3,04287	
16:36:52,28	1,91602	
16:36:52,29	-3,44136	
16:36:52,30	0,0564317	
16:36:52,31	-3,88411	
16:36:52,32	-0,519154	
16:36:52,33	-0,784808	
16:36:52,34	-0,696257	
16:36:52,35	-2,8215	
16:36:52,36	-1,18329	
16:36:52,37	-2,95432	
16:36:52,38	-0,0321199	
16:36:52,39	-3,70701	
16:36:52,40	-0,696257	
16:36:52,41	-0,563429	
16:36:52,42	-1,75888	
16:36:52,43	-2,20163	
16:36:52,44	-1,09474	
16:36:52,45	-1,7146	
16:36:52,46	0,0564317	
16:36:52,47	-3,83984	
16:36:52,48	-0,386326	
16:36:52,49	-3,3528	
16:36:52,50	-0,0321199	
16:36:52,51	-3,61846	
16:36:52,52	-0,651981	
16:36:52,53	-3,61846	
16:36:52,54	-0,829084	
16:36:52,55	-1,09474	
16:36:52,56	-1,18329	
16:36:52,57	-2,11308	
16:36:52,58	-0,607705	
16:36:52,59	0,233535	
16:36:52,59	-1,98026	
16:36:52,60	1,78319	
16:36:52,61	-2,42301	
16:36:52,62	2,13739	
16:36:52,63	-2,9986	
16:36:52,64	-0,120672	
16:36:52,65	-2,77722	
16:36:52,66	-0,120672	
16:36:52,67	-3,66274	
16:36:52,68	-0,651981	
16:36:52,69	-1,58177	
16:36:52,70	-1,18329	
16:36:52,71	-1,49322	
16:36:52,72	-0,917636	
16:36:52,73	-0,961912	
16:36:52,74	-0,563429	
16:36:52,75	-2,24591	
16:36:52,76	-1,09474	
16:36:52,77	0,277811	
16:36:52,78	-1,49322	
16:36:52,79	-1,8917	
16:36:52,80	-1,05046	
16:36:52,81	-3,79556	
16:36:52,82	0,0564317	
16:36:52,83	-3,30853	
16:36:52,84	-1,36039	
16:36:52,85	-3,3528	
16:36:52,86	-0,519154	
16:36:52,87	-3,48563	
16:36:52,88	-0,342051	
16:36:52,89	-2,73294	
16:36:52,90	-0,607705	
16:36:52,91	-4,10549	
16:36:52,92	-0,386326	
16:36:52,93	-3,57418	
16:36:52,94	1,82746	
16:36:52,95	-2,77722	
16:36:52,96	1,82746	
16:36:52,97	-2,51156	
16:36:52,98	0,853396	
16:36:52,99	-2,20163	
16:36:53,01	0,100707	
16:36:53,01	-2,15736	
16:36:53,02	1,87174	
16:36:53,03	-2,11308	
16:36:53,04	1,38471	
16:36:53,05	-2,29019	
16:36:53,06	1,65036	
16:36:53,07	-3,83984	
16:36:53,08	2,3145	
16:36:53,09	-3,39708	
16:36:53,10	-0,120672	
16:36:53,11	-3,21998	
16:36:53,12	1,11905	
16:36:53,13	-3,66274	
16:36:53,14	2,22595	
16:36:53,15	-2,11308	
16:36:53,16	1,0305	
16:36:53,17	-3,21998	
16:36:53,18	1,25188	
16:36:53,19	-3,52991	
16:36:53,20	-0,651981	
16:36:53,21	-3,39708	
16:36:53,22	-0,0321199	
16:36:53,23	-2,91005	
16:36:53,24	1,78319	
16:36:53,25	-3,75129	
16:36:53,26	-0,0321199	
16:36:53,27	-3,39708	
16:36:53,28	1,29615	
16:36:53,29	-3,52991	
16:36:53,30	-0,563429	
16:36:53,31	-2,77722	
16:36:53,32	-0,651981	
16:36:53,33	-2,77722	
16:36:53,34	-0,87336	
16:36:53,34	1,47326	
16:36:53,36	-1,40467	
16:36:53,37	-1,05046	
16:36:53,37	-0,961912	
16:36:53,38	1,38471	
16:36:53,39	-3,70701	
16:36:53,40	1,0305	
16:36:53,41	-3,39708	
16:36:53,42	1,96029	
16:36:53,43	-3,21998	
16:36:53,44	1,91602	
16:36:53,45	-2,55584	
16:36:53,46	0,454914	
16:36:53,47	-2,15736	
16:36:53,48	2,09312	
16:36:53,49	-3,70701	
16:36:53,50	1,60608	
16:36:53,51	-1,75888	
16:36:53,52	1,60608	
16:36:53,53	-2,91005	
16:36:53,54	1,56181	
16:36:53,55	-3,08715	
16:36:53,56	0,233535	
16:36:53,57	-2,29019	
16:36:53,58	2,04884	
16:36:53,59	-3,21998	
16:36:53,60	0,0121559	
16:36:53,61	-2,95432	
16:36:53,62	1,82746	
16:36:53,63	-3,83984	
16:36:53,64	-0,784808	
16:36:53,65	-2,06881	
16:36:53,66	-0,120672	
16:36:53,67	-3,92839	
16:36:53,68	-0,696257	
16:36:53,69	-1,18329	
16:36:53,70	-0,696257	
16:36:53,71	-3,13143	
16:36:53,72	-0,164947	
16:36:53,73	-2,68867	
16:36:53,74	-0,297775	
16:36:53,75	-3,08715	
16:36:53,76	-1,00619	
16:36:53,77	-1,09474	
16:36:53,78	-1,00619	
16:36:53,79	-3,13143	
16:36:53,80	-0,651981	
16:36:53,81	-3,48563	
16:36:53,82	0,233535	
16:36:53,83	-2,9986	
16:36:53,84	-0,784808	
16:36:53,84	0,366362	
16:36:53,85	-1,84743	
16:36:53,86	-0,87336	
16:36:53,87	-1,75888	
16:36:53,88	1,78319	
16:36:53,89	-2,06881	
16:36:53,90	0,454914	
16:36:53,91	-2,06881	
16:36:53,92	0,277811	
16:36:53,93	-1,98026	
16:36:53,94	2,09312	
16:36:53,95	-3,08715	
16:36:53,96	1,82746	
16:36:53,97	-3,88411	
16:36:53,98	1,16333	
16:36:53,99	-2,06881	
16:36:54,00	1,60608	
16:36:54,01	-1,62605	
16:36:54,02	-0,607705	
16:36:54,04	-0,961912	
16:36:54,04	0,941948	
16:36:54,05	-1,62605	
16:36:54,06	0,410638	
16:36:54,07	-2,02453	
16:36:54,08	1,87174	
16:36:54,09	-1,75888	
16:36:54,10	0,410638	
16:36:54,11	-2,46729	
16:36:54,12	0,144983	
16:36:54,13	-2,02453	
16:36:54,14	2,04884	
16:36:54,15	-2,55584	
16:36:54,16	1,47326	
16:36:54,17	-2,91005	
16:36:54,18	0,0564317	
16:36:54,19	-4,01694	
16:36:54,20	1,60608	
16:36:54,21	-2,91005	
16:36:54,22	0,0121559	
16:36:54,23	-3,08715	
16:36:54,24	-0,0763957	
16:36:54,25	-3,1757	
16:36:54,26	-0,917636	
16:36:54,27	-1,22757	
16:36:54,27	-1,7146	
16:36:54,28	1,65036	
16:36:54,29	-1,98026	
16:36:54,30	0,764844	
16:36:54,31	-2,24591	
16:36:54,32	0,853396	
16:36:54,33	-2,55584	
16:36:54,34	2,18167	
16:36:54,35	-3,66274	
16:36:54,36	1,38471	
16:36:54,37	-2,06881	
16:36:54,38	2,00457	
16:36:54,39	-3,44136	
16:36:54,40	-0,342051	
16:36:54,41	-4,06122	
16:36:54,42	1,73891	
16:36:54,43	-2,24591	
16:36:54,44	1,91602	
16:36:54,45	-2,55584	
16:36:54,46	-0,0321199	
16:36:54,47	-2,68867	
16:36:54,48	2,13739	
16:36:54,49	-3,52991	
16:36:54,50	0,366362	
16:36:54,51	-2,68867	
16:36:54,52	0,100707	
16:36:54,53	-3,39708	
16:36:54,54	-0,120672	
16:36:54,55	-3,75129	
16:36:54,56	-0,386326	
16:36:54,57	-3,26425	
16:36:54,58	-0,297775	
16:36:54,59	-3,48563	
16:36:54,60	0,144983	
16:36:54,61	-1,05046	
16:36:54,62	-1,36039	
16:36:54,64	-0,0321199	
16:36:54,65	-3,66274	
16:36:54,66	0,0564317	
16:36:54,67	-2,60012	
16:36:54,68	1,51753	
16:36:54,69	-2,8215	
16:36:54,70	1,65036	
16:36:54,71	-3,66274	
16:36:54,72	0,0121559	
16:36:54,73	-3,83984	
16:36:54,74	0,0121559	
16:36:54,75	-3,52991	
16:36:54,76	-0,917636	
16:36:54,76	-0,430602	
16:36:54,78	-0,297775	
16:36:54,79	-3,48563	
16:36:54,80	0,100707	
16:36:54,81	-2,60012	
16:36:54,82	1,87174	
16:36:54,83	-2,73294	
16:36:54,84	0,233535	
16:36:54,85	-3,1757	
16:36:54,86	0,897672	
16:36:54,87	-2,29019	
16:36:54,88	1,82746	
16:36:54,89	-2,11308	
16:36:54,90	1,96029	
16:36:54,91	-3,66274	
16:36:54,92	1,38471	
16:36:54,93	-1,5375	
16:36:54,94	2,04884	
16:36:54,95	-3,39708	
16:36:54,96	-0,164947	
16:36:54,97	-3,57418	
16:36:54,98	1,29615	
16:36:54,99	-2,8215	
16:36:55,00	1,11905	
16:36:55,01	-2,24591	
16:36:55,02	0,986223	
16:36:55,03	-2,11308	
16:36:55,04	0,100707	
16:36:55,05	-1,36039	
16:36:55,06	1,29615	
16:36:55,07	-1,62605	
16:36:55,08	0,941948	
16:36:55,09	-1,8917	
16:36:55,10	1,96029	
16:36:55,11	-3,13143	
16:36:55,12	1,87174	
16:36:55,13	-1,93598	
16:36:55,14	2,3145	
16:36:55,15	-2,11308	
16:36:55,16	1,51753	
16:36:55,17	-3,26425	
16:36:55,18	-0,120672	
16:36:55,19	-3,08715	
16:36:55,20	-0,0763957	
16:36:55,21	-3,61846	
16:36:55,22	-0,342051	
16:36:55,23	-3,30853	
16:36:55,24	1,51753	
16:36:55,25	-2,9986	
16:36:55,26	-0,253499	
16:36:55,27	-3,48563	
16:36:55,28	0,0564317	
16:36:55,29	-3,48563	
16:36:55,30	-0,0321199	
16:36:55,31	-2,95432	
16:36:55,32	-0,120672	
16:36:55,33	-3,48563	
16:36:55,34	-0,209223	
16:36:55,35	-3,04287	
16:36:55,36	-0,0321199	
16:36:55,37	-3,66274	
16:36:55,38	0,0564317	
16:36:55,38	-2,68867	
16:36:55,39	-0,829084	
16:36:55,40	-3,1757	
16:36:55,41	-0,829084	
16:36:55,42	-1,27184	
16:36:55,43	-0,784808	
16:36:55,44	-3,13143	
16:36:55,46	-0,342051	
16:36:55,46	-1,84743	
16:36:55,47	-1,22757	
16:36:55,48	0,632017	
16:36:55,49	-1,7146	
16:36:55,50	-1,05046	
16:36:55,51	-1,8917	
16:36:55,52	1,11905	
16:36:55,53	-0,784808	
16:36:55,54	1,82746	
16:36:55,55	-2,77722	
16:36:55,56	1,56181	
16:36:55,57	-1,62605	
16:36:55,58	1,34043	
16:36:55,59	-1,67032	
16:36:55,60	1,34043	
16:36:55,61	-2,73294	
16:36:55,62	1,73891	
16:36:55,63	-3,3528	
16:36:55,64	1,65036	
16:36:55,65	-3,04287	
16:36:55,66	0,764844	
16:36:55,67	-3,26425	
16:36:55,68	2,00457	
16:36:55,69	-2,60012	
16:36:55,70	2,00457	
16:36:55,71	-2,42301	
16:36:55,72	1,69464	
16:36:55,73	-3,04287	
16:36:55,74	1,0305	
16:36:55,75	-3,39708	
16:36:55,75	-0,297775	
16:36:55,77	-3,3528	
16:36:55,78	1,56181	
16:36:55,79	-2,29019	
16:36:55,80	1,47326	
16:36:55,81	-2,64439	
16:36:55,82	1,96029	
16:36:55,83	-3,04287	
16:36:55,84	1,91602	
16:36:55,85	-3,79556	
16:36:55,86	1,51753	
16:36:55,87	-1,75888	
16:36:55,88	1,96029	
16:36:55,89	-0,784808	
16:36:55,90	-1,09474	
16:36:55,91	-1,67032	
16:36:55,92	-0,164947	
16:36:55,93	-2,51156	
16:36:55,94	1,96029	
16:36:55,95	-2,9986	
16:36:55,96	2,00457	
16:36:55,97	-1,49322	
16:36:55,98	1,82746	
16:36:55,99	-1,05046	
16:36:56,00	-0,386326	
16:36:56,01	-1,5375	
16:36:56,02	-0,297775	
16:36:56,03	-1,05046	
16:36:56,04	1,11905	
16:36:56,05	-1,93598	
16:36:56,06	1,91602	
16:36:56,07	-2,46729	
16:36:56,08	2,04884	
16:36:56,09	-2,91005	
16:36:56,10	0,676293	
16:36:56,11	-1,80315	
16:36:56,12	0,986223	
16:36:56,13	-1,58177	
16:36:56,14	-0,917636	
16:36:56,15	-1,27184	
16:36:56,16	1,78319	
16:36:56,17	-1,00619	
16:36:56,18	0,277811	
16:36:56,19	-1,93598	
16:36:56,20	1,51753	
16:36:56,21	-0,740533	
16:36:56,22	-0,0763957	
16:36:56,23	-0,563429	
16:36:56,24	3,55422	
16:36:56,25	-0,519154	
16:36:56,26	4,92677	
16:36:56,27	4,66111	
16:36:56,28	8,07035	
16:36:56,29	5,0596	
16:36:56,30	8,86732	
16:36:56,31	6,47642	
16:36:56,32	11,5239	
16:36:56,33	7,14056	
16:36:56,34	11,2139	
16:36:56,35	7,18484	
16:36:56,36	11,5239	
16:36:56,37	6,25504	
16:36:56,38	10,1956	
16:36:56,39	6,07794	
16:36:56,39	10,107	
16:36:56,41	6,56497	
16:36:56,42	11,9666	
16:36:56,42	7,18484	
16:36:56,43	10,417	
16:36:56,45	7,45049	
16:36:56,45	10,7269	
16:36:56,46	8,82304	
16:36:56,47	10,5055	
16:36:56,48	7,8047	
16:36:56,49	10,6826	
16:36:56,50	7,84897	
16:36:56,51	10,5055	
16:36:56,52	11,2139	
16:36:56,53	10,2399	
16:36:56,54	10,417	
16:36:56,55	12,4094	
16:36:56,56	12,3651	
16:36:56,57	10,9483	
16:36:56,58	15,4201	
16:36:56,59	11,1254	
16:36:56,60	15,6415	
16:36:56,61	11,3468	
16:36:56,62	16,3499	
16:36:56,63	11,7895	
16:36:56,64	17,5896	
16:36:56,65	14,6674	
16:36:56,66	20,2905	
16:36:56,67	16,7484	
16:36:56,68	23,4783	
16:36:56,68	20,0691	
16:36:56,69	23,9654	
16:36:56,70	20,9989	
16:36:56,71	24,7181	
16:36:56,72	21,2203	
16:36:56,73	24,8509	
16:36:56,74	23,2127	
16:36:56,75	24,8952	
16:36:56,76	22,5485	
16:36:56,77	25,5593	
16:36:56,78	25,8692	
16:36:56,79	25,8692	
16:36:56,80	27,1532	
16:36:56,81	28,2601	
16:36:56,82	31,5808	
16:36:56,83	33,6618	
16:36:56,84	35,3885	
16:36:56,85	39,7718	
16:36:56,86	43,0482	
16:36:56,87	46,5017	
16:36:56,88	48,4499	
16:36:56,89	51,0179	
16:36:56,90	53,6301	
16:36:56,91	53,9401	
16:36:56,92	58,6776	
16:36:56,93	54,25	
16:36:56,94	60,4929	
16:36:56,95	56,5966	
16:36:56,96	62,6181	
16:36:56,97	57,8806	
16:36:56,98	63,9021	
16:36:56,99	61,2456	
16:36:57,00	64,035	
16:36:57,01	63,1937	
16:36:57,02	64,6991	
16:36:57,03	62,7067	
16:36:57,04	66,4701	
16:36:57,05	64,6105	
16:36:57,06	67,7541	
16:36:57,07	65,1861	
16:36:57,08	69,2595	
16:36:57,09	65,8945	
16:36:57,10	70,4549	
16:36:57,11	68,374	
16:36:57,12	68,374	
16:36:57,13	69,1267	
16:36:57,14	68,4625	
16:36:57,15	70,3664	
16:36:57,16	68,5068	
16:36:57,17	71,1191	
16:36:57,18	68,861	
16:36:57,19	70,9863	
16:36:57,20	68,6396	
16:36:57,21	72,713	
16:36:57,22	68,5954	
16:36:57,23	72,0932	
16:36:57,24	71,9161	
16:36:57,25	70,5435	
16:36:57,26	70,4107	
16:36:57,27	70,5435	
16:36:57,28	69,9236	
16:36:57,29	70,3221	
16:36:57,30	66,6472	
16:36:57,31	68,5954	
16:36:57,32	64,6991	
16:36:57,33	67,0014	
16:36:57,34	62,7952	
16:36:57,35	64,1678	
16:36:57,36	61,467	
16:36:57,37	60,4929	
16:36:57,38	59,5188	
16:36:57,39	55,7554	
16:36:57,40	57,4821	
16:36:57,41	50,0438	
16:36:57,42	45,2177	
16:36:57,43	42,0299	
16:36:57,44	38,3993	
16:36:57,45	36,274	
16:36:57,46	36,8939	
16:36:57,47	32,5106	
16:36:57,48	30,2525	
16:36:57,49	29,3227	
16:36:57,50	28,3044	
16:36:57,51	27,3746	
16:36:57,52	24,6738	
16:36:57,53	25,028	
16:36:57,54	23,3455	
16:36:57,55	21,8401	
16:36:57,56	20,0691	
16:36:57,57	20,3347	
16:36:57,58	20,9989	
16:36:57,59	18,9622	
16:36:57,60	17,4125	
16:36:57,61	17,8996	
16:36:57,62	15,9514	
16:36:57,63	17,5896	
16:36:57,64	15,9957	
16:36:57,65	16,04	
16:36:57,66	13,7377	
16:36:57,67	15,6415	
16:36:57,68	12,8964	
16:36:57,69	13,8705	
16:36:57,70	14,269	
16:36:57,71	14,1804	
16:36:57,72	13,959	
16:36:57,73	12,3208	
16:36:57,74	11,5681	
16:36:57,75	12,7193	
16:36:57,76	13,8705	
16:36:57,77	11,9223	
16:36:57,78	11,391	
16:36:57,79	10,4612	
16:36:57,80	14,5346	
16:36:57,81	12,0109	
16:36:57,82	11,4796	
16:36:57,83	11,391	
16:36:57,84	9,84138	
16:36:57,85	11,3468	
16:36:57,86	9,88566	
16:36:57,87	10,7269	
16:36:57,88	9,75283	
16:36:57,89	9,22152	
16:36:57,90	12,2766	
16:36:57,91	9,04442	
16:36:57,92	10,6826	
16:36:57,93	7,84897	
16:36:57,94	9,57573	
16:36:57,95	8,91159	
16:36:57,96	9,79711	
16:36:57,97	8,46883	
16:36:57,98	8,46883	
16:36:57,99	7,9818	
16:36:58,00	9,53145	
16:36:58,01	7,22911	
16:36:58,02	7,31766	
16:36:58,03	6,34359	
16:36:58,04	7,84897	
16:36:58,05	6,07794	
16:36:58,06	8,73449	
16:36:58,07	5,76801	
16:36:58,08	7,31766	
16:36:58,09	6,43215	
16:36:58,10	7,09628	
16:36:58,11	4,74967	
16:36:58,11	8,55738	
16:36:58,13	4,30691	
16:36:58,14	6,60925	
16:36:58,15	3,5985	
16:36:58,16	4,83822	
16:36:58,17	5,14815	
16:36:58,18	2,97863	
16:36:58,19	5,85656	
16:36:58,20	2,00457	
16:36:58,21	5,01532	
16:36:58,22	1,82746	
16:36:58,23	4,43974	
16:36:58,24	3,73132	
16:36:58,25	4,04125	
16:36:58,26	2,3145	
16:36:58,27	4,08553	
16:36:58,28	1,25188	
16:36:58,29	5,85656	
16:36:58,30	2,04884	
16:36:58,31	5,32525	
16:36:58,32	0,632017	
16:36:58,33	3,81987	
16:36:58,34	0,0564317	
16:36:58,35	3,5985	
16:36:58,36	0,454914	
16:36:58,37	2,75726	
16:36:58,38	-0,740533	
16:36:58,39	1,78319	
16:36:58,40	1,11905	
16:36:58,41	2,53588	
16:36:58,42	-1,18329	
16:36:58,43	1,87174	
16:36:58,44	-1,00619	
16:36:58,45	1,51753	
16:36:58,46	1,34043	
16:36:58,47	0,897672	
16:36:58,48	2,97863	
16:36:58,49	-0,386326	
16:36:58,50	2,4916	
16:36:58,50	0,366362	
16:36:58,51	3,86415	
16:36:58,52	-1,7146	
16:36:58,53	1,34043	
16:36:58,54	-2,51156	
16:36:58,55	2,6687	
16:36:58,56	-2,46729	
16:36:58,57	0,897672	
16:36:58,58	-1,8917	
16:36:58,59	1,16333	
16:36:58,60	-2,73294	
16:36:58,61	0,853396	
16:36:58,62	-1,49322	
16:36:58,63	-0,297775	
16:36:58,64	-2,02453	
16:36:58,65	0,632017	
16:36:58,66	-1,05046	
16:36:58,67	-0,253499	
16:36:58,67	1,73891	
16:36:58,69	-0,0763957	
16:36:58,70	-0,519154	
16:36:58,71	-0,342051	
16:36:58,72	0,587741	
16:36:58,73	-0,430602	
16:36:58,74	-0,297775	
16:36:58,74	-1,5375	
16:36:58,75	2,35877	
16:36:58,76	-1,98026	
16:36:58,77	2,13739	
16:36:58,78	-3,13143	
16:36:58,79	2,09312	
16:36:58,80	-2,9986	
16:36:58,81	0,0121559	
16:36:58,82	-3,66274	
16:36:58,83	0,366362	
16:36:58,84	-3,21998	
16:36:58,85	1,60608	
16:36:58,86	-3,04287	
16:36:58,87	1,38471	
16:36:58,88	-3,13143	
16:36:58,89	-0,120672	
16:36:58,90	-1,5375	
16:36:58,91	0,0564317	
16:36:58,92	-2,8215	
16:36:58,93	-0,164947	
16:36:58,94	-3,08715	
16:36:58,95	0,233535	
16:36:58,96	-3,39708	
16:36:58,97	-0,253499	
16:36:58,98	-0,961912	
16:36:58,99	0,189259	
16:36:59,00	-3,39708	
16:36:59,01	0,277811	
16:36:59,02	-2,8215	
16:36:59,03	-0,0763957	
16:36:59,04	-3,52991	
16:36:59,05	-0,386326	
16:36:59,06	-2,86577	
16:36:59,07	0,322086	
16:36:59,08	-3,13143	
16:36:59,09	0,632017	
16:36:59,10	-3,30853	
16:36:59,11	-0,0763957	
16:36:59,12	-3,08715	
16:36:59,13	0,0564317	
16:36:59,14	-1,27184	
16:36:59,15	-1,67032	
16:36:59,16	-3,39708	
16:36:59,17	0,189259	
16:36:59,18	-1,58177	
16:36:59,19	-1,09474	
16:36:59,19	1,07478	
16:36:59,20	-1,5375	
16:36:59,21	1,87174	
16:36:59,22	-3,83984	
16:36:59,23	0,189259	
16:36:59,24	-1,98026	
16:36:59,25	2,09312	
16:36:59,26	-3,3528	
16:36:59,27	0,0121559	
16:36:59,28	-3,57418	
16:36:59,29	-0,253499	
16:36:59,30	-3,13143	
16:36:59,31	-0,253499	
16:36:59,32	-3,57418	
16:36:59,33	-0,342051	
16:36:59,34	-3,44136	
16:36:59,35	-0,342051	
16:36:59,36	-2,11308	
16:36:59,37	-0,386326	
16:36:59,38	-3,21998	
16:36:59,39	-0,120672	
16:36:59,40	-3,48563	
16:36:59,41	-0,164947	
16:36:59,42	-3,52991	
16:36:59,43	-0,607705	
16:36:59,43	-0,519154	
16:36:59,44	-1,80315	
16:36:59,46	-0,209223	
16:36:59,46	-1,67032	
16:36:59,47	0,720569	
16:36:59,48	-2,20163	
16:36:59,49	-1,31612	
16:36:59,50	-2,02453	
16:36:59,51	2,13739	
16:36:59,52	-2,24591	
16:36:59,53	1,96029	
16:36:59,54	-3,21998	
16:36:59,55	-0,0321199	
16:36:59,56	-2,42301	
16:36:59,57	1,34043	
16:36:59,58	-2,20163	
16:36:59,59	1,2076	
16:36:59,60	-2,51156	
16:36:59,61	1,78319	
16:36:59,62	-2,51156	
16:36:59,63	1,60608	
16:36:59,64	-2,9986	
16:36:59,65	-0,164947	
16:36:59,66	-3,30853	
16:36:59,67	-0,253499	
16:36:59,68	-3,57418	
16:36:59,69	0,189259	
16:36:59,70	-3,44136	
16:36:59,71	0,0564317	
16:36:59,72	-3,61846	
16:36:59,73	-0,253499	
16:36:59,74	-3,48563	
16:36:59,75	-0,297775	
16:36:59,76	-3,83984	
16:36:59,77	-0,297775	
16:36:59,78	-3,44136	
16:36:59,79	1,47326	
16:36:59,80	-2,68867	
16:36:59,81	1,82746	
16:36:59,82	-3,30853	
16:36:59,83	0,0564317	
16:36:59,84	-3,48563	
16:36:59,85	0,0564317	
16:36:59,86	-3,57418	
16:36:59,87	-0,0763957	
16:36:59,88	-3,48563	
16:36:59,89	-0,209223	
16:36:59,90	-2,24591	
16:36:59,91	-0,209223	
16:36:59,92	-3,66274	
16:36:59,93	0,233535	
16:36:59,94	-3,44136	
16:36:59,95	-0,0321199	
16:36:59,96	-2,95432	
16:36:59,97	-0,430602	
16:36:59,97	-0,961912	
16:36:59,98	-1,58177	
16:36:59,99	1,42898	
16:37:00,00	-1,31612	
16:37:00,01	-0,917636	
16:37:00,02	-1,13901	
16:37:00,04	-2,86577	
16:37:00,05	-0,342051	
16:37:00,06	-2,46729	
16:37:00,07	-1,18329	
16:37:00,07	0,322086	
16:37:00,08	-1,80315	
16:37:00,09	0,144983	
16:37:00,10	-2,06881	
16:37:00,11	0,543465	
16:37:00,12	-1,13901	
16:37:00,13	0,49919	
16:37:00,14	-2,46729	
16:37:00,15	2,27022	
16:37:00,16	-3,52991	
16:37:00,17	1,69464	
16:37:00,18	-3,39708	
16:37:00,19	-0,430602	
16:37:00,19	-0,87336	
16:37:00,20	-0,740533	
16:37:00,21	-1,18329	
16:37:00,22	-1,93598	
16:37:00,23	1,69464	
16:37:00,24	-1,40467	
16:37:00,25	0,764844	
16:37:00,26	-2,15736	
16:37:00,27	0,144983	
16:37:00,29	-1,22757	
16:37:00,30	-3,1757	
16:37:00,31	0,853396	
16:37:00,32	-1,62605	
16:37:00,34	-2,64439	
16:37:00,34	-0,607705	
16:37:00,36	-3,26425	
16:37:00,37	2,00457	
16:37:00,38	-3,48563	
16:37:00,39	2,00457	
16:37:00,40	-3,26425	
16:37:00,41	0,144983	
16:37:00,42	-3,1757	
16:37:00,43	-0,164947	
16:37:00,44	-3,83984	
16:37:00,45	-0,430602	
16:37:00,46	-2,91005	
16:37:00,47	0,100707	
16:37:00,48	-3,44136	
16:37:00,49	0,322086	
16:37:00,50	-3,39708	
16:37:00,51	-0,253499	
16:37:00,52	-2,95432	
16:37:00,53	-0,563429	
16:37:00,53	-2,15736	
16:37:00,54	-1,36039	
16:37:00,55	-2,64439	
16:37:00,57	-0,651981	
16:37:00,57	-1,18329	
16:37:00,58	-0,430602	
16:37:00,59	0,233535	
16:37:00,60	-0,917636	
16:37:00,61	1,38471	
16:37:00,62	-3,44136	
16:37:00,63	0,0564317	
16:37:00,64	-2,42301	
16:37:00,65	1,91602	
16:37:00,66	-2,95432	
16:37:00,67	0,144983	
16:37:00,67	-1,31612	
16:37:00,68	-0,784808	
16:37:00,69	-0,961912	
16:37:00,70	-1,5375	
16:37:00,71	0,0564317	
16:37:00,72	-0,563429	
16:37:00,74	-3,83984	
16:37:00,74	-0,87336	
16:37:00,75	-3,26425	
16:37:00,76	-0,120672	
16:37:00,77	-1,13901	
16:37:00,78	-0,87336	
16:37:00,79	-1,36039	
16:37:00,80	-0,829084	
16:37:00,81	-1,00619	
16:37:00,82	-0,784808	
16:37:00,83	-2,29019	
16:37:00,84	-1,27184	
16:37:00,85	0,587741	
16:37:00,86	-2,68867	
16:37:00,87	1,69464	
16:37:00,88	-2,02453	
16:37:00,89	1,51753	
16:37:00,90	-2,91005	
16:37:00,91	2,00457	
16:37:00,92	-1,09474	
16:37:00,93	1,2076	
16:37:00,94	-1,67032	
16:37:00,95	1,47326	
16:37:00,96	-2,37874	
16:37:00,97	0,0564317	
16:37:00,97	-3,39708	
16:37:00,99	0,189259	
16:37:01,00	-3,26425	
16:37:01,01	-0,120672	
16:37:01,02	-2,55584	
16:37:01,03	1,82746	
16:37:01,04	-3,39708	
16:37:01,05	-0,253499	
16:37:01,05	-3,04287	
16:37:01,06	-0,474878	
16:37:01,07	-2,29019	
16:37:01,09	-0,0321199	
16:37:01,09	-1,31612	
16:37:01,10	-0,784808	
16:37:01,11	-2,91005	
16:37:01,12	-1,31612	
16:37:01,13	-1,36039	
16:37:01,14	-0,784808	
16:37:01,15	-2,24591	
16:37:01,16	-0,607705	
16:37:01,17	0,764844	
16:37:01,18	-2,02453	
16:37:01,19	0,587741	
16:37:01,20	-1,36039	
16:37:01,21	1,78319	
16:37:01,22	-1,5375	
16:37:01,23	-0,607705	
16:37:01,24	-1,5375	
16:37:01,25	-1,7146	
16:37:01,26	-0,563429	
16:37:01,27	-2,33446	
16:37:01,28	-0,784808	
16:37:01,29	0,144983	
16:37:01,30	-0,253499	
16:37:01,31	-0,740533	
16:37:01,32	-0,474878	
16:37:01,33	0,676293	
16:37:01,34	-1,58177	
16:37:01,35	-0,120672	
16:37:01,36	-1,8917	
16:37:01,37	1,56181	
16:37:01,38	-3,39708	
16:37:01,39	1,87174	
16:37:01,40	-3,92839	
16:37:01,41	0,233535	
16:37:01,42	-3,88411	
16:37:01,43	-0,0763957	
16:37:01,44	-3,3528	
16:37:01,44	0,0121559	
16:37:01,46	-3,70701	
16:37:01,47	1,78319	
16:37:01,48	-3,48563	
16:37:01,49	1,65036	
16:37:01,50	-2,64439	
16:37:01,51	0,986223	
16:37:01,52	-3,04287	
16:37:01,53	1,78319	
16:37:01,54	-3,48563	
16:37:01,55	0,0564317	
16:37:01,56	-3,26425	
16:37:01,57	1,42898	
16:37:01,58	-2,8215	
16:37:01,59	1,11905	
16:37:01,60	-2,20163	
16:37:01,61	2,00457	
16:37:01,62	-3,83984	
16:37:01,62	-0,209223	
16:37:01,63	-3,08715	
16:37:01,64	0,0121559	
16:37:01,65	-3,44136	
16:37:01,66	-0,430602	
16:37:01,67	-1,62605	
16:37:01,68	-0,829084	
16:37:01,69	-0,253499	
16:37:01,70	-1,22757	
16:37:01,71	1,11905	
16:37:01,72	-2,55584	
16:37:01,73	1,78319	
16:37:01,74	-2,51156	
16:37:01,75	2,13739	
16:37:01,76	-3,57418	
16:37:01,76	0,0121559	
16:37:01,77	-3,1757	
16:37:01,78	-0,563429	
16:37:01,79	-2,77722	
16:37:01,80	-0,297775	
16:37:01,81	-0,342051	
16:37:01,82	-1,8917	
16:37:01,83	-2,06881	
16:37:01,84	-1,18329	
16:37:01,85	-1,00619	
16:37:01,86	-1,8917	
16:37:01,87	0,144983	
16:37:01,88	-1,98026	
16:37:01,89	-0,651981	
16:37:01,90	-0,740533	
16:37:01,91	0,0121559	
16:37:01,92	-0,563429	
16:37:01,93	-0,651981	
16:37:01,94	-1,98026	
16:37:01,95	1,38471	
16:37:01,96	-1,44895	
16:37:01,97	0,80912	
16:37:01,98	-2,42301	
16:37:01,99	-0,120672	
16:37:02,00	-1,67032	
16:37:02,01	1,65036	
16:37:02,02	-2,15736	
16:37:02,03	2,04884	
16:37:02,04	-3,61846	
16:37:02,05	1,60608	
16:37:02,06	-2,33446	
16:37:02,06	0,277811	
16:37:02,07	-2,9986	
16:37:02,08	-0,209223	
16:37:02,09	-3,26425	
16:37:02,10	-0,120672	
16:37:02,11	-3,3528	
16:37:02,12	0,277811	
16:37:02,14	-3,66274	
16:37:02,14	0,0121559	
16:37:02,15	-2,77722	
16:37:02,16	-0,0321199	
16:37:02,17	-2,86577	
16:37:02,18	-0,0321199	
16:37:02,19	-3,1757	
16:37:02,20	0,0564317	
16:37:02,21	-2,95432	
16:37:02,22	-0,164947	
16:37:02,23	-3,3528	
16:37:02,24	-0,917636	
16:37:02,25	-1,98026	
16:37:02,26	-0,651981	
16:37:02,27	-2,15736	
16:37:02,28	-0,961912	
16:37:02,29	1,11905	
16:37:02,30	-1,44895	
16:37:02,31	-0,164947	
16:37:02,32	-1,18329	
16:37:02,33	-0,474878	
16:37:02,34	-1,18329	
16:37:02,35	-1,49322	
16:37:02,36	-1,62605	
16:37:02,37	-1,13901	
16:37:02,38	-1,7146	
16:37:02,39	0,277811	
16:37:02,40	-1,80315	
16:37:02,41	-0,651981	
16:37:02,42	-1,40467	
16:37:02,43	0,897672	
16:37:02,44	-1,00619	
16:37:02,45	-2,42301	
16:37:02,46	-1,27184	
16:37:02,47	-1,93598	
16:37:02,48	-0,917636	
16:37:02,49	0,0564317	
16:37:02,50	-1,13901	
16:37:02,51	-0,740533	
16:37:02,52	-1,09474	
16:37:02,53	-1,5375	
16:37:02,54	-0,297775	
16:37:02,55	-2,60012	
16:37:02,56	-0,961912	
16:37:02,57	-2,95432	
16:37:02,58	-0,87336	
16:37:02,59	-1,05046	
16:37:02,60	-1,84743	
16:37:02,61	1,2076	
16:37:02,62	-2,15736	
16:37:02,63	1,51753	
16:37:02,64	-2,51156	
16:37:02,65	1,60608	
16:37:02,66	-1,31612	
16:37:02,67	-1,44895	
16:37:02,68	-1,98026	
16:37:02,69	-1,22757	
16:37:02,70	-0,784808	
16:37:02,71	0,144983	
16:37:02,72	-1,09474	
16:37:02,73	-0,120672	
16:37:02,74	-0,784808	
16:37:02,75	1,07478	
16:37:02,76	-1,18329	
16:37:02,77	-1,93598	
16:37:02,78	-0,253499	
16:37:02,79	-3,21998	
16:37:02,80	-0,164947	
16:37:02,81	-3,30853	
16:37:02,83	1,96029	
16:37:02,83	-3,79556	
16:37:02,84	0,144983	
16:37:02,86	-2,15736	
16:37:02,86	1,82746	
16:37:02,87	-3,79556	
16:37:02,89	1,87174	
16:37:02,90	-1,67032	
16:37:02,91	1,34043	
16:37:02,92	-2,29019	
16:37:02,93	-0,917636	
16:37:02,94	-1,62605	
16:37:02,95	0,941948	
16:37:02,96	-1,84743	
16:37:02,97	-1,09474	
16:37:02,98	-1,31612	
16:37:02,99	-2,86577	
16:37:03,00	-0,297775	
16:37:03,01	-1,09474	
16:37:03,02	-0,829084	
16:37:03,03	-0,961912	
16:37:03,04	-2,15736	
16:37:03,05	1,29615	
16:37:03,06	-1,67032	
16:37:03,07	1,38471	
16:37:03,08	-2,42301	
16:37:03,09	-0,87336	
16:37:03,10	-0,917636	
16:37:03,11	-1,27184	
16:37:03,12	-0,297775	
16:37:03,13	-2,42301	
16:37:03,14	-1,5375	
16:37:03,15	0,0564317	
16:37:03,16	-1,8917	
16:37:03,16	2,04884	
16:37:03,18	-2,20163	
16:37:03,19	0,100707	
16:37:03,20	-1,31612	
16:37:03,21	1,51753	
16:37:03,22	-1,00619	
16:37:03,23	-0,0763957	
16:37:03,24	-1,98026	
16:37:03,25	0,366362	
16:37:03,26	-0,253499	
16:37:03,27	-2,9986	
16:37:03,28	-0,0321199	
16:37:03,29	-1,18329	
16:37:03,30	-1,05046	
16:37:03,31	-3,30853	
16:37:03,32	0,189259	
16:37:03,33	-3,04287	
16:37:03,34	-0,342051	
16:37:03,35	-3,1757	
16:37:03,36	-0,696257	
16:37:03,37	-0,386326	
16:37:03,38	-1,80315	
16:37:03,39	1,73891	
16:37:03,39	-2,29019	
16:37:03,40	0,80912	
16:37:03,41	-3,21998	
16:37:03,43	1,73891	
16:37:03,44	-1,58177	
16:37:03,44	1,82746	
16:37:03,45	-2,06881	
16:37:03,46	1,60608	
16:37:03,47	-3,26425	
16:37:03,48	-0,297775	
16:37:03,49	-3,70701	
16:37:03,50	-0,0321199	
16:37:03,51	-3,66274	
16:37:03,52	0,189259	
16:37:03,53	-3,79556	
16:37:03,54	-0,0763957	
16:37:03,55	-2,95432	
16:37:03,56	0,0564317	
16:37:03,57	-3,04287	
16:37:03,58	-0,297775	
16:37:03,59	-3,04287	
16:37:03,60	-0,253499	
16:37:03,61	-1,67032	
16:37:03,62	-0,120672	
16:37:03,63	-3,75129	
16:37:03,64	0,587741	
16:37:03,65	-1,98026	
16:37:03,67	0,897672	
16:37:03,67	-2,24591	
16:37:03,68	1,82746	
16:37:03,69	-3,3528	
16:37:03,71	1,42898	
16:37:03,72	-1,05046	
16:37:03,73	0,233535	
16:37:03,74	-0,740533	
16:37:03,75	-3,44136	
16:37:03,76	0,100707	
16:37:03,77	-3,30853	
16:37:03,78	0,0564317	
16:37:03,79	-3,39708	
16:37:03,80	0,144983	
16:37:03,81	-3,21998	
16:37:03,82	0,144983	
16:37:03,83	-3,3528	
16:37:03,84	0,0564317	
16:37:03,85	-3,04287	
16:37:03,86	-0,120672	
16:37:03,87	-3,66274	
16:37:03,88	1,73891	
16:37:03,89	-3,04287	
16:37:03,90	1,69464	
16:37:03,91	-2,91005	
16:37:03,92	0,0564317	
16:37:03,93	-4,54825	
16:37:03,94	0,277811	
16:37:03,95	-3,30853	
16:37:03,96	-0,474878	
16:37:03,97	-2,42301	
16:37:03,98	1,47326	
16:37:03,99	-2,15736	
16:37:04,01	0,144983	
16:37:04,02	-1,49322	
16:37:04,02	1,65036	
16:37:04,03	-2,24591	
16:37:04,04	2,09312	
16:37:04,05	-2,95432	
16:37:04,06	1,34043	
16:37:04,07	-3,3528	
16:37:04,08	0,0121559	
16:37:04,09	-3,66274	
16:37:04,10	2,18167	
16:37:04,11	-2,9986	
16:37:04,12	1,73891	
16:37:04,13	-1,62605	
16:37:04,14	1,87174	
16:37:04,16	-1,22757	
16:37:04,16	1,29615	
16:37:04,17	-2,20163	
16:37:04,19	0,322086	
16:37:04,20	-1,84743	
16:37:04,21	0,410638	
16:37:04,21	-1,93598	
16:37:04,22	1,78319	
16:37:04,23	-1,75888	
16:37:04,25	1,07478	
16:37:04,25	-1,44895	
16:37:04,26	1,29615	
16:37:04,27	-2,37874	
16:37:04,29	0,543465	
16:37:04,29	-1,98026	
16:37:04,30	2,04884	
16:37:04,31	-1,98026	
16:37:04,33	0,410638	
16:37:04,34	-1,00619	
16:37:04,35	-0,430602	
16:37:04,36	-0,0321199	
16:37:04,37	-3,04287	
16:37:04,38	0,0564317	
16:37:04,39	-3,61846	
16:37:04,40	0,366362	
16:37:04,41	-3,30853	
16:37:04,43	-0,651981	
16:37:04,44	-1,18329	
16:37:04,45	-2,68867	
16:37:04,46	-0,519154	
16:37:04,47	-2,8215	
16:37:04,48	-0,784808	
16:37:04,49	-3,26425	
16:37:04,50	2,04884	
16:37:04,51	-1,58177	
16:37:04,53	-1,36039	
16:37:04,54	-0,87336	
16:37:04,55	-2,60012	
16:37:04,56	-0,209223	
16:37:04,57	-3,04287	
16:37:04,58	0,322086	
16:37:04,59	-4,19404	
16:37:04,60	1,51753	
16:37:04,61	-3,13143	
16:37:04,62	1,42898	
16:37:04,63	-2,06881	
16:37:04,64	1,73891	
16:37:04,66	-1,13901	
16:37:04,67	-3,66274	
16:37:04,68	-0,253499	
16:37:04,69	-2,15736	
16:37:04,70	-1,13901	
16:37:04,71	-3,21998	
16:37:04,72	0,0121559	
16:37:04,73	-3,75129	
16:37:04,74	-0,0321199	
16:37:04,75	-1,8917	
16:37:04,76	1,96029	
16:37:04,77	-1,27184	
16:37:04,78	0,986223	
16:37:04,79	-2,51156	
16:37:04,80	2,09312	
16:37:04,81	-2,37874	
16:37:04,82	0,853396	
16:37:04,83	-3,70701	
16:37:04,84	0,0564317	
16:37:04,85	-1,44895	
16:37:04,87	0,632017	
16:37:04,87	-1,05046	
16:37:04,89	-0,430602	
16:37:04,89	-1,49322	
16:37:04,91	-1,13901	
16:37:04,92	-1,31612	
16:37:04,92	0,49919	
16:37:04,93	-2,11308	
16:37:04,94	1,82746	
16:37:04,95	-1,62605	
16:37:04,96	0,853396	
16:37:04,97	-2,02453	
16:37:04,98	-0,164947	
16:37:05,00	-1,7146	
16:37:05,00	0,410638	
16:37:05,01	-2,20163	
16:37:05,02	1,51753	
16:37:05,03	-2,46729	
16:37:05,04	-0,342051	
16:37:05,06	-1,44895	
16:37:05,07	-2,46729	
16:37:05,08	0,277811	
16:37:05,09	-3,66274	
16:37:05,10	1,73891	
16:37:05,11	-3,30853	
16:37:05,12	1,69464	
16:37:05,13	-1,31612	
16:37:05,14	0,632017	
16:37:05,16	-0,784808	
