Time - Plot 0	Bar - Plot 0	
12:55:25,87	-0,917636	
12:55:25,88	-0,961912	
12:55:25,89	-1,22757	
12:55:25,91	-1,13901	
12:55:25,92	-1,00619	
12:55:25,93	-1,40467	
12:55:25,94	-1,18329	
12:55:25,95	-1,27184	
12:55:25,97	-1,49322	
12:55:25,98	-0,961912	
12:55:25,99	-1,5375	
12:55:26,00	-1,31612	
12:55:26,01	-1,18329	
12:55:26,03	-1,5375	
12:55:26,04	-1,00619	
12:55:26,05	-1,49322	
12:55:26,06	-1,36039	
12:55:26,07	-1,00619	
12:55:26,08	-1,00619	
12:55:26,09	-1,36039	
12:55:26,10	-0,917636	
12:55:26,11	-1,00619	
12:55:26,12	-1,09474	
12:55:26,13	-1,27184	
12:55:26,15	-1,13901	
12:55:26,16	-1,27184	
12:55:26,17	-1,00619	
12:55:26,18	-0,829084	
12:55:26,19	-1,18329	
12:55:26,20	-0,87336	
12:55:26,21	-1,27184	
12:55:26,22	-1,40467	
12:55:26,23	-1,22757	
12:55:26,24	-0,829084	
12:55:26,25	-1,22757	
12:55:26,26	-1,5375	
12:55:26,27	-1,18329	
12:55:26,28	-1,58177	
12:55:26,29	-1,09474	
12:55:26,30	-1,36039	
12:55:26,31	-1,36039	
12:55:26,32	-1,5375	
12:55:26,33	-1,18329	
12:55:26,34	-1,27184	
12:55:26,35	-1,09474	
12:55:26,36	-1,13901	
12:55:26,37	-1,36039	
12:55:26,38	-1,05046	
12:55:26,39	-1,36039	
12:55:26,40	-1,09474	
12:55:26,41	-1,09474	
12:55:26,42	-0,917636	
12:55:26,43	-1,5375	
12:55:26,43	-1,05046	
12:55:26,44	-1,31612	
12:55:26,45	-1,00619	
12:55:26,46	-1,18329	
12:55:26,47	-1,09474	
12:55:26,48	-1,36039	
12:55:26,49	-1,44895	
12:55:26,50	-1,00619	
12:55:26,51	-1,44895	
12:55:26,52	-1,49322	
12:55:26,53	-1,5375	
12:55:26,54	-0,87336	
12:55:26,55	-1,00619	
12:55:26,56	-1,49322	
12:55:26,57	-1,09474	
12:55:26,58	-1,18329	
12:55:26,60	-1,09474	
12:55:26,61	-1,58177	
12:55:26,62	-1,18329	
12:55:26,63	-1,44895	
12:55:26,64	-1,09474	
12:55:26,65	-1,5375	
12:55:26,66	-1,18329	
12:55:26,67	-0,961912	
12:55:26,68	-1,05046	
12:55:26,69	-1,13901	
12:55:26,70	-1,18329	
12:55:26,71	-1,22757	
12:55:26,72	-0,961912	
12:55:26,73	-0,961912	
12:55:26,74	-0,961912	
12:55:26,75	-1,27184	
12:55:26,76	-1,05046	
12:55:26,77	-1,58177	
12:55:26,78	-1,18329	
12:55:26,79	-1,44895	
12:55:26,80	-1,31612	
12:55:26,81	-1,22757	
12:55:26,82	-1,36039	
12:55:26,83	-1,22757	
12:55:26,84	-1,40467	
12:55:26,85	-1,36039	
12:55:26,86	-1,36039	
12:55:26,87	-1,22757	
12:55:26,88	-1,36039	
12:55:26,89	-1,00619	
12:55:26,90	-1,22757	
12:55:26,91	-1,22757	
12:55:26,92	-1,27184	
12:55:26,93	-1,36039	
12:55:26,94	-1,00619	
12:55:26,96	-1,49322	
12:55:26,97	-1,44895	
12:55:26,98	-1,18329	
12:55:26,99	-1,22757	
12:55:27,00	-1,18329	
12:55:27,01	-1,27184	
12:55:27,03	-1,05046	
12:55:27,04	-1,00619	
12:55:27,05	-1,49322	
12:55:27,06	-0,961912	
12:55:27,07	-1,09474	
12:55:27,08	-1,36039	
12:55:27,09	-1,36039	
12:55:27,10	-1,62605	
12:55:27,12	-1,00619	
12:55:27,13	-1,18329	
12:55:27,14	-1,49322	
12:55:27,16	-1,05046	
12:55:27,17	-1,36039	
12:55:27,18	-1,40467	
12:55:27,20	-1,22757	
12:55:27,21	-1,36039	
12:55:27,22	-1,22757	
12:55:27,23	-1,36039	
12:55:27,24	-1,49322	
12:55:27,25	-1,09474	
12:55:27,26	-1,09474	
12:55:27,27	-1,00619	
12:55:27,28	-1,36039	
12:55:27,29	-1,00619	
12:55:27,31	-1,5375	
12:55:27,32	-1,13901	
12:55:27,33	-1,27184	
12:55:27,34	-1,18329	
12:55:27,34	-1,58177	
12:55:27,35	-1,00619	
12:55:27,36	-1,31612	
12:55:27,37	-1,18329	
12:55:27,38	-1,40467	
12:55:27,39	-1,36039	
12:55:27,40	-1,18329	
12:55:27,41	-1,00619	
12:55:27,42	-1,5375	
12:55:27,43	-1,27184	
12:55:27,44	-1,09474	
12:55:27,45	-1,44895	
12:55:27,46	-1,13901	
12:55:27,47	-1,27184	
12:55:27,48	-1,31612	
12:55:27,49	-1,22757	
12:55:27,50	-1,31612	
12:55:27,51	-1,49322	
12:55:27,52	-1,40467	
12:55:27,53	-1,00619	
12:55:27,54	-1,05046	
12:55:27,55	-0,740533	
12:55:27,56	-1,49322	
12:55:27,57	-1,44895	
12:55:27,58	-1,18329	
12:55:27,59	-1,27184	
12:55:27,60	-1,22757	
12:55:27,62	-1,05046	
12:55:27,63	-1,36039	
12:55:27,64	-0,961912	
12:55:27,65	-1,18329	
12:55:27,66	-1,49322	
12:55:27,67	-1,13901	
12:55:27,68	-1,13901	
12:55:27,70	-0,740533	
12:55:27,71	-1,36039	
12:55:27,72	-1,18329	
12:55:27,73	0,322086	
12:55:27,74	-1,58177	
12:55:27,75	-1,36039	
12:55:27,76	-1,31612	
12:55:27,77	-1,09474	
12:55:27,78	-1,00619	
12:55:27,79	-1,27184	
12:55:27,81	-1,27184	
12:55:27,82	-0,87336	
12:55:27,83	-1,13901	
12:55:27,84	-1,00619	
12:55:27,85	-1,09474	
12:55:27,86	-1,09474	
12:55:27,87	-1,67032	
12:55:27,88	-1,31612	
12:55:27,90	-0,87336	
12:55:27,91	-1,22757	
12:55:27,92	-1,36039	
12:55:27,93	-1,05046	
12:55:27,94	-1,18329	
12:55:27,95	-0,829084	
12:55:27,96	-1,44895	
12:55:27,98	-1,00619	
12:55:27,99	-1,31612	
12:55:28,00	-1,36039	
12:55:28,01	-1,00619	
12:55:28,02	-1,18329	
12:55:28,03	-1,58177	
12:55:28,04	-1,00619	
12:55:28,06	-1,13901	
12:55:28,07	-1,31612	
12:55:28,08	-0,917636	
12:55:28,09	-1,40467	
12:55:28,10	-1,22757	
12:55:28,11	-1,22757	
12:55:28,12	-1,18329	
12:55:28,13	-1,36039	
12:55:28,14	-1,27184	
12:55:28,15	-1,09474	
12:55:28,17	-1,40467	
12:55:28,18	-1,05046	
12:55:28,19	-0,961912	
12:55:28,21	-1,05046	
12:55:28,22	-1,18329	
12:55:28,23	-1,05046	
12:55:28,24	-1,5375	
12:55:28,26	-1,44895	
12:55:28,27	-0,784808	
12:55:28,29	-1,36039	
12:55:28,30	-1,44895	
12:55:28,31	-0,917636	
12:55:28,33	-1,27184	
12:55:28,34	-0,917636	
12:55:28,35	-1,09474	
12:55:28,36	-1,00619	
12:55:28,37	-1,18329	
12:55:28,38	-1,36039	
12:55:28,40	-1,31612	
12:55:28,41	-1,31612	
12:55:28,42	-1,27184	
12:55:28,43	-1,00619	
12:55:28,44	-1,13901	
12:55:28,46	-1,05046	
12:55:28,47	-1,31612	
12:55:28,48	-1,27184	
12:55:28,49	-1,44895	
12:55:28,50	-1,49322	
12:55:28,51	-1,27184	
12:55:28,52	-1,05046	
12:55:28,53	-0,829084	
12:55:28,54	-1,00619	
12:55:28,55	-1,13901	
12:55:28,57	-1,13901	
12:55:28,58	-1,62605	
12:55:28,59	-1,49322	
12:55:28,60	-1,31612	
12:55:28,61	-0,917636	
12:55:28,62	-1,31612	
12:55:28,63	-1,27184	
12:55:28,64	-1,18329	
12:55:28,66	-1,5375	
12:55:28,67	-1,58177	
12:55:28,68	-1,36039	
12:55:28,69	-1,18329	
12:55:28,70	-1,09474	
12:55:28,71	-1,09474	
12:55:28,72	-1,49322	
12:55:28,73	-1,13901	
12:55:28,75	-1,40467	
12:55:28,76	-0,917636	
12:55:28,77	-1,13901	
12:55:28,78	-1,27184	
12:55:28,79	-1,67032	
12:55:28,80	-1,22757	
12:55:28,81	-1,13901	
12:55:28,82	-1,62605	
12:55:28,83	-0,829084	
12:55:28,84	-0,961912	
12:55:28,86	-1,22757	
12:55:28,87	-1,27184	
12:55:28,88	-1,09474	
12:55:28,89	-1,18329	
12:55:28,90	-1,27184	
12:55:28,91	-1,00619	
12:55:28,93	-0,829084	
12:55:28,94	-1,27184	
12:55:28,95	-1,27184	
12:55:28,96	-1,67032	
12:55:28,97	-1,36039	
12:55:28,98	-1,5375	
12:55:28,99	-1,18329	
12:55:29,01	-1,40467	
12:55:29,02	-1,18329	
12:55:29,03	-1,27184	
12:55:29,04	-1,36039	
12:55:29,05	-0,961912	
12:55:29,06	-1,18329	
12:55:29,08	-0,961912	
12:55:29,09	-0,917636	
12:55:29,10	-1,58177	
12:55:29,11	-1,00619	
12:55:29,13	-1,36039	
12:55:29,14	-1,7146	
12:55:29,15	-1,18329	
12:55:29,16	-1,67032	
12:55:29,18	-1,18329	
12:55:29,19	-1,05046	
12:55:29,20	-1,36039	
12:55:29,21	-1,00619	
12:55:29,22	-1,7146	
12:55:29,23	-1,13901	
12:55:29,24	-1,5375	
12:55:29,25	-0,740533	
12:55:29,26	-1,09474	
12:55:29,28	-1,44895	
12:55:29,29	-0,917636	
12:55:29,30	-1,44895	
12:55:29,31	-0,829084	
12:55:29,33	-1,05046	
12:55:29,34	-1,58177	
12:55:29,36	-1,36039	
12:55:29,37	-1,58177	
12:55:29,38	-1,05046	
12:55:29,40	-1,00619	
12:55:29,41	-1,67032	
12:55:29,42	-1,36039	
12:55:29,43	-1,44895	
12:55:29,45	-1,09474	
12:55:29,47	-1,49322	
12:55:29,48	-1,31612	
12:55:29,49	-1,27184	
12:55:29,50	-1,31612	
12:55:29,51	-1,36039	
12:55:29,52	-1,09474	
12:55:29,53	-1,22757	
12:55:29,54	-1,05046	
12:55:29,55	-1,09474	
12:55:29,56	-1,31612	
12:55:29,57	-1,27184	
12:55:29,58	-1,5375	
12:55:29,59	-1,18329	
12:55:29,60	-1,09474	
12:55:29,62	-1,44895	
12:55:29,63	-1,00619	
12:55:29,64	-1,31612	
12:55:29,66	-1,31612	
12:55:29,67	-1,40467	
12:55:29,68	-1,31612	
12:55:29,69	-1,27184	
12:55:29,71	-1,31612	
12:55:29,72	-0,87336	
12:55:29,74	-1,31612	
12:55:29,76	-1,00619	
12:55:29,77	-1,13901	
12:55:29,79	-1,5375	
12:55:29,80	-1,27184	
12:55:29,82	-1,49322	
12:55:29,84	-1,13901	
12:55:29,85	-1,22757	
12:55:29,87	-1,13901	
12:55:29,89	-1,05046	
12:55:29,91	-1,49322	
12:55:29,92	-1,27184	
12:55:29,94	-1,31612	
12:55:29,95	-0,696257	
12:55:29,96	-1,18329	
12:55:29,98	-1,49322	
12:55:29,99	-1,36039	
12:55:30,00	-1,05046	
12:55:30,01	-1,27184	
12:55:30,03	-1,36039	
12:55:30,03	-1,67032	
12:55:30,05	-1,18329	
12:55:30,06	-1,22757	
12:55:30,07	-1,05046	
12:55:30,08	-1,18329	
12:55:30,09	-1,44895	
12:55:30,10	-1,36039	
12:55:30,11	-0,740533	
12:55:30,12	-1,36039	
12:55:30,13	-1,18329	
12:55:30,15	-1,09474	
12:55:30,16	-1,36039	
12:55:30,18	-1,22757	
12:55:30,19	-1,13901	
12:55:30,20	-1,22757	
12:55:30,21	-0,651981	
12:55:30,22	-1,22757	
12:55:30,23	-1,49322	
12:55:30,25	-1,27184	
12:55:30,26	-1,67032	
12:55:30,27	-0,917636	
12:55:30,28	-1,36039	
12:55:30,29	-0,917636	
12:55:30,30	-1,36039	
12:55:30,31	-1,5375	
12:55:30,33	-1,09474	
12:55:30,34	-1,27184	
12:55:30,35	-1,09474	
12:55:30,36	-1,31612	
12:55:30,38	-1,18329	
12:55:30,39	-1,5375	
12:55:30,40	-1,44895	
12:55:30,41	-1,00619	
12:55:30,42	-1,58177	
12:55:30,43	-1,40467	
12:55:30,44	-1,18329	
12:55:30,46	-1,36039	
12:55:30,47	-1,05046	
12:55:30,48	-1,36039	
12:55:30,49	-1,27184	
12:55:30,50	-1,22757	
12:55:30,52	-1,00619	
12:55:30,53	-1,49322	
12:55:30,54	-1,40467	
12:55:30,55	-1,05046	
12:55:30,56	-1,44895	
12:55:30,57	-0,740533	
12:55:30,58	-1,18329	
12:55:30,59	-0,961912	
12:55:30,60	-1,31612	
12:55:30,61	-1,31612	
12:55:30,62	-1,36039	
12:55:30,63	-1,05046	
12:55:30,64	-1,31612	
12:55:30,65	-1,05046	
12:55:30,66	-1,22757	
12:55:30,68	-1,22757	
12:55:30,69	-1,09474	
12:55:30,70	-1,49322	
12:55:30,71	-1,00619	
12:55:30,72	-1,44895	
12:55:30,73	-1,44895	
12:55:30,74	-1,00619	
12:55:30,76	-1,36039	
12:55:30,76	-1,09474	
12:55:30,78	-1,36039	
12:55:30,79	-1,31612	
12:55:30,80	-1,36039	
12:55:30,81	-0,87336	
12:55:30,82	-1,5375	
12:55:30,83	-0,696257	
12:55:30,84	-1,31612	
12:55:30,85	-1,27184	
12:55:30,86	-1,22757	
12:55:30,87	-0,696257	
12:55:30,88	-1,13901	
12:55:30,89	-1,05046	
12:55:30,91	-1,13901	
12:55:30,92	-1,44895	
12:55:30,93	-1,09474	
12:55:30,94	-1,27184	
12:55:30,95	-1,27184	
12:55:30,96	-1,18329	
12:55:30,98	-1,44895	
12:55:30,99	-0,87336	
12:55:31,00	-1,09474	
12:55:31,01	-1,13901	
12:55:31,02	-1,27184	
12:55:31,03	-1,31612	
12:55:31,05	-1,31612	
12:55:31,06	-1,58177	
12:55:31,07	-1,09474	
12:55:31,09	-1,27184	
12:55:31,10	-1,40467	
12:55:31,11	-1,44895	
12:55:31,12	-1,27184	
12:55:31,13	-1,22757	
12:55:31,15	-1,31612	
12:55:31,16	-1,44895	
12:55:31,17	-1,18329	
12:55:31,18	-1,18329	
12:55:31,19	-1,44895	
12:55:31,21	-0,607705	
12:55:31,22	-1,18329	
12:55:31,23	-1,40467	
12:55:31,25	-1,09474	
12:55:31,26	-1,44895	
12:55:31,27	-1,31612	
12:55:31,28	-1,22757	
12:55:31,29	-1,05046	
12:55:31,31	-0,961912	
12:55:31,32	-1,09474	
12:55:31,33	-1,22757	
12:55:31,34	-1,18329	
12:55:31,36	-1,67032	
12:55:31,37	-0,519154	
12:55:31,38	-1,27184	
12:55:31,39	-1,22757	
12:55:31,40	-1,22757	
12:55:31,41	-1,22757	
12:55:31,42	-1,40467	
12:55:31,43	-1,36039	
12:55:31,44	-1,5375	
12:55:31,45	-1,31612	
12:55:31,46	-1,31612	
12:55:31,47	-1,27184	
12:55:31,49	-1,05046	
12:55:31,50	-1,36039	
12:55:31,51	-1,13901	
12:55:31,52	-1,22757	
12:55:31,53	-1,31612	
12:55:31,54	-1,31612	
12:55:31,55	-1,7146	
12:55:31,56	-0,917636	
12:55:31,57	-1,09474	
12:55:31,58	-1,22757	
12:55:31,60	-1,80315	
12:55:31,61	-1,27184	
12:55:31,62	-1,44895	
12:55:31,63	-1,00619	
12:55:31,64	-1,36039	
12:55:31,65	-1,31612	
12:55:31,66	-1,31612	
12:55:31,68	-1,5375	
12:55:31,69	-1,36039	
12:55:31,71	-0,961912	
12:55:31,72	-1,49322	
12:55:31,73	-0,917636	
12:55:31,74	-1,36039	
12:55:31,75	-0,651981	
12:55:31,76	-1,09474	
12:55:31,77	-1,18329	
12:55:31,79	-1,13901	
12:55:31,80	-1,40467	
12:55:31,81	-1,13901	
12:55:31,82	-1,22757	
12:55:31,83	-1,09474	
12:55:31,84	-1,40467	
12:55:31,85	-1,09474	
12:55:31,86	-1,13901	
12:55:31,87	-1,09474	
12:55:31,88	-1,36039	
12:55:31,89	-1,13901	
12:55:31,90	-1,36039	
12:55:31,91	-0,917636	
12:55:31,92	-1,22757	
12:55:31,93	-0,917636	
12:55:31,94	-1,18329	
12:55:31,95	-0,829084	
12:55:31,96	-1,18329	
12:55:31,97	-1,09474	
12:55:31,98	-1,27184	
12:55:31,98	-1,00619	
12:55:31,99	-1,27184	
12:55:32,00	-1,27184	
12:55:32,01	-1,22757	
12:55:32,02	-1,05046	
12:55:32,03	-1,5375	
12:55:32,04	-1,09474	
12:55:32,05	-0,917636	
12:55:32,06	-1,40467	
12:55:32,07	-1,22757	
12:55:32,08	-1,27184	
12:55:32,09	-1,18329	
12:55:32,10	-1,22757	
12:55:32,11	-0,696257	
12:55:32,12	-1,36039	
12:55:32,13	-1,09474	
12:55:32,14	-1,5375	
12:55:32,16	-1,00619	
12:55:32,17	-1,05046	
12:55:32,18	-1,00619	
12:55:32,19	-1,05046	
12:55:32,20	-1,00619	
12:55:32,22	-1,05046	
12:55:32,23	-1,00619	
12:55:32,24	-0,961912	
12:55:32,25	-1,13901	
12:55:32,26	-1,27184	
12:55:32,27	-1,22757	
12:55:32,28	-1,27184	
12:55:32,30	-0,961912	
12:55:32,30	-0,87336	
12:55:32,31	-1,13901	
12:55:32,32	-1,49322	
12:55:32,33	-1,62605	
12:55:32,34	-1,27184	
12:55:32,35	-1,18329	
12:55:32,36	-1,31612	
12:55:32,37	-1,31612	
12:55:32,38	-1,00619	
12:55:32,40	-1,44895	
12:55:32,41	-1,27184	
12:55:32,43	-1,18329	
12:55:32,44	-1,36039	
12:55:32,45	-1,40467	
12:55:32,46	-1,44895	
12:55:32,47	-1,09474	
12:55:32,49	-1,18329	
12:55:32,50	-1,44895	
12:55:32,51	-1,31612	
12:55:32,52	-1,22757	
12:55:32,54	-1,7146	
12:55:32,55	-1,05046	
12:55:32,56	-1,13901	
12:55:32,58	-1,40467	
12:55:32,59	-1,18329	
12:55:32,60	-1,27184	
12:55:32,62	-1,00619	
12:55:32,63	-1,13901	
12:55:32,64	-0,961912	
12:55:32,66	-1,00619	
12:55:32,67	-1,22757	
12:55:32,69	-1,40467	
12:55:32,70	-1,13901	
12:55:32,71	-1,27184	
12:55:32,73	-1,00619	
12:55:32,74	-1,36039	
12:55:32,75	-0,917636	
12:55:32,76	-1,44895	
12:55:32,77	-1,40467	
12:55:32,78	-1,09474	
12:55:32,80	-1,44895	
12:55:32,81	-1,09474	
12:55:32,82	-1,09474	
12:55:32,83	-1,36039	
12:55:32,84	-1,62605	
12:55:32,85	-0,917636	
12:55:32,86	-1,05046	
12:55:32,87	-1,31612	
12:55:32,89	-1,00619	
12:55:32,90	-1,5375	
12:55:32,91	-1,36039	
12:55:32,92	-1,18329	
12:55:32,93	-1,18329	
12:55:32,94	-1,49322	
12:55:32,95	-1,44895	
12:55:32,96	-1,05046	
12:55:32,97	-1,09474	
12:55:32,98	-1,67032	
12:55:32,99	-1,27184	
12:55:33,00	-1,18329	
12:55:33,01	-1,5375	
12:55:33,02	-1,22757	
12:55:33,03	-1,5375	
12:55:33,04	-1,00619	
12:55:33,05	-1,5375	
12:55:33,06	-1,05046	
12:55:33,08	-1,13901	
12:55:33,09	-1,40467	
12:55:33,10	-1,22757	
12:55:33,11	-0,651981	
12:55:33,12	-1,18329	
12:55:33,14	-1,5375	
12:55:33,15	-0,829084	
12:55:33,16	-1,40467	
12:55:33,17	-1,00619	
12:55:33,18	-0,917636	
12:55:33,19	-1,09474	
12:55:33,20	-1,09474	
12:55:33,21	-1,44895	
12:55:33,22	-1,36039	
12:55:33,23	-1,13901	
12:55:33,25	-1,05046	
12:55:33,26	-1,13901	
12:55:33,27	-1,36039	
12:55:33,28	-1,67032	
12:55:33,29	-1,00619	
12:55:33,30	-1,22757	
12:55:33,31	-1,22757	
12:55:33,32	-1,27184	
12:55:33,34	-1,18329	
12:55:33,35	-1,00619	
12:55:33,36	-1,27184	
12:55:33,37	-1,05046	
12:55:33,38	-1,18329	
12:55:33,39	-1,31612	
12:55:33,40	-1,27184	
12:55:33,41	-1,27184	
12:55:33,43	-1,36039	
12:55:33,44	-1,40467	
12:55:33,45	-1,27184	
12:55:33,46	-0,961912	
12:55:33,48	-1,31612	
12:55:33,49	-1,00619	
12:55:33,50	-1,00619	
12:55:33,52	-1,22757	
12:55:33,53	-1,40467	
12:55:33,55	-1,13901	
12:55:33,56	-1,27184	
12:55:33,57	-1,13901	
12:55:33,59	-1,09474	
12:55:33,60	-1,31612	
12:55:33,61	-1,40467	
12:55:33,63	-1,00619	
12:55:33,64	-1,27184	
12:55:33,65	-1,36039	
12:55:33,66	-1,18329	
12:55:33,67	-1,18329	
12:55:33,68	-1,44895	
12:55:33,70	-1,27184	
12:55:33,71	-1,05046	
12:55:33,72	-1,58177	
12:55:33,73	-0,519154	
12:55:33,74	-1,27184	
12:55:33,76	-1,58177	
12:55:33,78	-1,44895	
12:55:33,79	-1,5375	
12:55:33,81	-1,75888	
12:55:33,83	-1,5375	
12:55:33,84	-0,740533	
12:55:33,86	-1,05046	
12:55:33,87	-1,49322	
12:55:33,89	-1,00619	
12:55:33,90	-1,09474	
12:55:33,91	-1,09474	
12:55:33,92	-1,09474	
12:55:33,93	-1,5375	
12:55:33,94	-1,44895	
12:55:33,95	-1,13901	
12:55:33,96	-1,27184	
12:55:33,97	-1,44895	
12:55:33,98	-1,31612	
12:55:33,99	-1,00619	
12:55:34,00	-1,13901	
12:55:34,01	-1,36039	
12:55:34,02	-1,36039	
12:55:34,04	-1,00619	
12:55:34,05	-1,5375	
12:55:34,06	-1,13901	
12:55:34,07	-0,87336	
12:55:34,08	-1,13901	
12:55:34,09	-1,13901	
12:55:34,10	-1,27184	
12:55:34,11	-1,44895	
12:55:34,12	-1,13901	
12:55:34,14	-1,44895	
12:55:34,15	-1,27184	
12:55:34,16	-0,829084	
12:55:34,17	-1,40467	
12:55:34,18	-0,829084	
12:55:34,19	-1,5375	
12:55:34,20	-1,5375	
12:55:34,21	-0,917636	
12:55:34,23	-1,27184	
12:55:34,24	-1,31612	
12:55:34,25	-1,22757	
12:55:34,26	-1,18329	
12:55:34,27	-1,00619	
12:55:34,29	-1,31612	
12:55:34,29	-0,917636	
12:55:34,31	-1,09474	
12:55:34,31	-1,09474	
12:55:34,33	-1,44895	
12:55:34,34	-1,27184	
12:55:34,35	-1,31612	
12:55:34,36	-1,09474	
12:55:34,37	-1,31612	
12:55:34,38	-1,22757	
12:55:34,39	-1,18329	
12:55:34,40	-1,00619	
12:55:34,41	-1,27184	
12:55:34,43	-0,829084	
12:55:34,44	-1,18329	
12:55:34,45	-1,31612	
12:55:34,46	-1,09474	
12:55:34,47	-1,18329	
12:55:34,48	-1,00619	
12:55:34,49	-1,22757	
12:55:34,51	-1,18329	
12:55:34,52	-1,49322	
12:55:34,53	-1,09474	
12:55:34,54	-1,09474	
12:55:34,55	-1,36039	
12:55:34,56	-1,22757	
12:55:34,57	-1,09474	
12:55:34,58	-1,49322	
12:55:34,59	-1,44895	
12:55:34,60	-0,829084	
12:55:34,61	-1,31612	
12:55:34,62	-1,40467	
12:55:34,63	-1,13901	
12:55:34,64	-0,961912	
12:55:34,65	-1,36039	
12:55:34,66	-1,00619	
12:55:34,67	-1,05046	
12:55:34,68	-1,05046	
12:55:34,69	-1,36039	
12:55:34,71	-1,36039	
12:55:34,72	-1,31612	
12:55:34,73	-1,13901	
12:55:34,74	-1,27184	
12:55:34,75	-1,13901	
12:55:34,76	-1,44895	
12:55:34,77	-1,18329	
12:55:34,78	-0,961912	
12:55:34,79	-1,27184	
12:55:34,81	-1,00619	
12:55:34,82	-1,09474	
12:55:34,83	-1,13901	
12:55:34,85	-1,18329	
12:55:34,86	-1,22757	
12:55:34,87	-0,829084	
12:55:34,88	-0,87336	
12:55:34,89	-1,09474	
12:55:34,91	-1,00619	
12:55:34,92	-1,05046	
12:55:34,93	-1,44895	
12:55:34,94	-1,13901	
12:55:34,95	-1,05046	
12:55:34,96	-1,00619	
12:55:34,97	-1,09474	
12:55:34,98	-1,40467	
12:55:34,99	-1,80315	
12:55:35,00	-0,87336	
12:55:35,01	-1,36039	
12:55:35,03	-1,22757	
12:55:35,04	-1,00619	
12:55:35,05	-1,22757	
12:55:35,06	-1,36039	
12:55:35,07	-1,13901	
12:55:35,08	-1,22757	
12:55:35,09	-1,00619	
12:55:35,11	-0,651981	
12:55:35,12	-1,18329	
12:55:35,13	-1,36039	
12:55:35,14	-1,09474	
12:55:35,15	-1,36039	
12:55:35,17	-1,31612	
12:55:35,18	-1,05046	
12:55:35,20	-1,00619	
12:55:35,21	-1,18329	
12:55:35,22	-1,49322	
12:55:35,24	-1,05046	
12:55:35,25	-1,18329	
12:55:35,26	-1,05046	
12:55:35,27	-1,18329	
12:55:35,28	-1,09474	
12:55:35,29	-1,5375	
12:55:35,31	-1,44895	
12:55:35,32	-1,05046	
12:55:35,33	-0,740533	
12:55:35,34	-1,27184	
12:55:35,36	-1,49322	
12:55:35,37	-1,27184	
12:55:35,38	-0,87336	
12:55:35,39	-0,917636	
12:55:35,41	-1,40467	
12:55:35,42	-1,22757	
12:55:35,43	-1,49322	
12:55:35,45	-1,09474	
12:55:35,46	-1,36039	
12:55:35,47	-1,27184	
12:55:35,48	-1,40467	
12:55:35,50	-1,36039	
12:55:35,51	-1,40467	
12:55:35,52	-1,44895	
12:55:35,53	-1,18329	
12:55:35,54	-1,13901	
12:55:35,55	-1,7146	
12:55:35,56	-0,87336	
12:55:35,57	-1,62605	
12:55:35,58	-1,36039	
12:55:35,59	-1,49322	
12:55:35,60	-1,44895	
12:55:35,61	-1,09474	
12:55:35,62	-1,44895	
12:55:35,63	-1,09474	
12:55:35,65	-1,40467	
12:55:35,66	-1,13901	
12:55:35,67	-1,62605	
12:55:35,68	-0,87336	
12:55:35,69	-1,31612	
12:55:35,70	-1,36039	
12:55:35,71	-1,36039	
12:55:35,72	-1,00619	
12:55:35,73	-1,22757	
12:55:35,74	-1,00619	
12:55:35,76	-1,22757	
12:55:35,77	-1,13901	
12:55:35,78	-1,13901	
12:55:35,79	-1,18329	
12:55:35,80	-1,18329	
12:55:35,81	-1,13901	
12:55:35,82	-0,740533	
12:55:35,83	-1,18329	
12:55:35,84	-1,05046	
12:55:35,85	-1,44895	
12:55:35,86	-0,784808	
12:55:35,88	-1,09474	
12:55:35,89	-1,62605	
12:55:35,91	-1,22757	
12:55:35,92	-1,18329	
12:55:35,93	-1,27184	
12:55:35,95	-1,22757	
12:55:35,96	-1,31612	
12:55:35,98	-1,00619	
12:55:35,99	-1,31612	
12:55:36,00	-1,27184	
12:55:36,02	-1,13901	
12:55:36,03	-1,62605	
12:55:36,04	-1,22757	
12:55:36,05	-1,36039	
12:55:36,06	-1,40467	
12:55:36,07	-1,31612	
12:55:36,08	-0,87336	
12:55:36,09	-1,27184	
12:55:36,10	-1,58177	
12:55:36,11	-1,5375	
12:55:36,12	-1,36039	
12:55:36,13	-1,18329	
12:55:36,14	-1,36039	
12:55:36,15	-0,917636	
12:55:36,16	-1,7146	
12:55:36,18	-1,00619	
12:55:36,19	-1,44895	
12:55:36,20	-1,09474	
12:55:36,21	-0,961912	
12:55:36,22	-1,27184	
12:55:36,23	-1,40467	
12:55:36,24	-1,40467	
12:55:36,25	-1,18329	
12:55:36,26	-0,961912	
12:55:36,27	-1,5375	
12:55:36,28	-1,09474	
12:55:36,29	-1,49322	
12:55:36,30	-0,917636	
12:55:36,31	-1,44895	
12:55:36,32	-1,27184	
12:55:36,33	-1,49322	
12:55:36,34	-0,961912	
12:55:36,35	-1,31612	
12:55:36,36	-1,00619	
12:55:36,37	-1,22757	
12:55:36,38	-1,49322	
12:55:36,40	-1,31612	
12:55:36,41	-1,31612	
12:55:36,42	-1,18329	
12:55:36,43	-1,40467	
12:55:36,44	-1,58177	
12:55:36,45	-0,917636	
12:55:36,46	-1,18329	
12:55:36,47	-0,961912	
12:55:36,48	-1,13901	
12:55:36,49	-1,36039	
12:55:36,50	-0,519154	
12:55:36,51	-1,7146	
12:55:36,52	-1,40467	
12:55:36,53	-1,09474	
12:55:36,55	-1,67032	
12:55:36,56	-0,87336	
12:55:36,57	-1,40467	
12:55:36,58	-1,00619	
12:55:36,59	-1,49322	
12:55:36,60	-0,917636	
12:55:36,61	-0,784808	
12:55:36,62	-1,22757	
12:55:36,63	-1,13901	
12:55:36,64	-1,49322	
12:55:36,66	-0,87336	
12:55:36,67	-1,31612	
12:55:36,68	-0,961912	
12:55:36,69	-1,13901	
12:55:36,70	-1,27184	
12:55:36,72	-0,917636	
12:55:36,73	-1,8917	
12:55:36,74	-1,27184	
12:55:36,75	-1,27184	
12:55:36,77	-1,18329	
12:55:36,78	-1,05046	
12:55:36,79	-1,27184	
12:55:36,80	-1,36039	
12:55:36,81	-1,22757	
12:55:36,82	-1,18329	
12:55:36,83	-1,40467	
12:55:36,85	-1,36039	
12:55:36,86	-1,31612	
12:55:36,87	-1,22757	
12:55:36,88	-1,31612	
12:55:36,89	-1,13901	
12:55:36,90	-1,18329	
12:55:36,91	-1,49322	
12:55:36,92	-1,22757	
12:55:36,93	-1,36039	
12:55:36,94	-1,36039	
12:55:36,95	-1,36039	
12:55:36,96	-1,44895	
12:55:36,97	-1,40467	
12:55:36,98	-1,31612	
12:55:36,99	-1,27184	
12:55:37,00	-1,31612	
12:55:37,02	-0,87336	
12:55:37,03	-1,18329	
12:55:37,04	-0,607705	
12:55:37,05	-1,36039	
12:55:37,06	-1,27184	
12:55:37,07	-1,49322	
12:55:37,08	-0,740533	
12:55:37,09	-1,67032	
12:55:37,10	-1,00619	
12:55:37,11	-1,44895	
12:55:37,12	-1,27184	
12:55:37,13	-1,40467	
12:55:37,14	-1,40467	
12:55:37,15	-1,09474	
12:55:37,16	-1,27184	
12:55:37,17	-1,7146	
12:55:37,19	-1,40467	
12:55:37,20	-1,05046	
12:55:37,21	-1,00619	
12:55:37,23	-1,13901	
12:55:37,25	-1,31612	
12:55:37,26	-1,27184	
12:55:37,28	-1,44895	
12:55:37,29	-1,31612	
12:55:37,30	-1,27184	
12:55:37,32	-0,87336	
12:55:37,33	-1,40467	
12:55:37,35	-1,31612	
12:55:37,36	-1,27184	
12:55:37,37	-1,13901	
12:55:37,38	-1,09474	
12:55:37,39	-0,740533	
12:55:37,41	-1,18329	
12:55:37,42	-1,13901	
12:55:37,44	-1,18329	
12:55:37,45	-1,00619	
12:55:37,46	-1,27184	
12:55:37,47	-1,27184	
12:55:37,48	-1,00619	
12:55:37,49	-1,00619	
12:55:37,51	-1,44895	
12:55:37,52	-1,09474	
12:55:37,53	-0,917636	
12:55:37,54	-1,18329	
12:55:37,55	-1,13901	
12:55:37,56	-1,05046	
12:55:37,58	-1,44895	
12:55:37,59	-1,58177	
12:55:37,60	-1,31612	
12:55:37,61	-1,36039	
12:55:37,62	-1,5375	
12:55:37,63	-1,36039	
12:55:37,64	-1,40467	
12:55:37,66	-1,18329	
12:55:37,67	-1,00619	
12:55:37,68	-1,18329	
12:55:37,70	-0,961912	
12:55:37,71	-1,40467	
12:55:37,72	-1,00619	
12:55:37,73	-1,27184	
12:55:37,74	-1,18329	
12:55:37,76	-1,18329	
12:55:37,77	-1,27184	
12:55:37,79	0,100707	
12:55:37,80	-1,44895	
12:55:37,82	-0,607705	
12:55:37,83	-1,49322	
12:55:37,85	-1,13901	
12:55:37,86	-1,09474	
12:55:37,88	-0,740533	
12:55:37,89	-1,44895	
12:55:37,90	-1,44895	
12:55:37,91	-0,784808	
12:55:37,92	-1,36039	
12:55:37,93	-1,22757	
12:55:37,94	-1,36039	
12:55:37,96	-1,00619	
12:55:37,97	-1,18329	
12:55:37,98	-1,31612	
12:55:37,99	-1,22757	
12:55:38,00	-1,36039	
12:55:38,02	-0,696257	
12:55:38,03	-1,44895	
12:55:38,04	-1,27184	
12:55:38,05	-1,09474	
12:55:38,06	-1,44895	
12:55:38,08	-1,09474	
12:55:38,09	-1,13901	
12:55:38,10	-1,31612	
12:55:38,11	-1,00619	
12:55:38,12	-1,5375	
12:55:38,13	-1,00619	
12:55:38,15	-1,18329	
12:55:38,16	-1,13901	
12:55:38,17	-1,22757	
12:55:38,18	-1,09474	
12:55:38,19	-1,18329	
12:55:38,20	-0,917636	
12:55:38,21	-1,27184	
12:55:38,23	-1,22757	
12:55:38,24	-1,05046	
12:55:38,25	-1,40467	
12:55:38,26	-1,36039	
12:55:38,27	-1,62605	
12:55:38,28	-1,44895	
12:55:38,29	-1,13901	
12:55:38,31	-1,18329	
12:55:38,33	-1,09474	
12:55:38,34	-1,62605	
12:55:38,36	-1,05046	
12:55:38,38	-1,36039	
12:55:38,40	-1,09474	
12:55:38,42	-1,18329	
12:55:38,44	-1,67032	
12:55:38,46	-1,31612	
12:55:38,48	-1,5375	
12:55:38,50	-1,09474	
12:55:38,52	-1,27184	
12:55:38,54	-1,31612	
12:55:38,56	-0,87336	
12:55:38,57	-1,5375	
12:55:38,59	-1,36039	
12:55:38,60	-1,5375	
12:55:38,62	-1,09474	
12:55:38,63	-1,13901	
12:55:38,65	-1,22757	
12:55:38,66	-1,31612	
12:55:38,67	-0,961912	
12:55:38,68	-1,31612	
12:55:38,70	-1,22757	
12:55:38,71	-1,22757	
12:55:38,72	-1,31612	
12:55:38,73	-1,36039	
12:55:38,75	-1,36039	
12:55:38,76	-1,22757	
12:55:38,78	-1,22757	
12:55:38,79	-1,13901	
12:55:38,81	-1,09474	
12:55:38,82	0,100707	
12:55:38,83	-1,49322	
12:55:38,84	-1,22757	
12:55:38,86	-1,09474	
12:55:38,87	-1,31612	
12:55:38,88	-1,58177	
12:55:38,90	-1,18329	
12:55:38,91	-1,00619	
12:55:38,92	-1,27184	
12:55:38,94	-0,651981	
12:55:38,95	-1,31612	
12:55:38,97	-4,54825	
12:55:38,99	-1,5375	
12:55:39,00	-0,961912	
12:55:39,02	-0,961912	
12:55:39,03	-1,00619	
12:55:39,05	-1,22757	
12:55:39,06	-1,36039	
12:55:39,07	-0,87336	
12:55:39,09	-1,22757	
12:55:39,10	-1,31612	
12:55:39,11	-1,18329	
12:55:39,13	-1,36039	
12:55:39,14	-1,22757	
12:55:39,15	-0,961912	
12:55:39,16	-1,36039	
12:55:39,18	-1,09474	
12:55:39,19	-1,22757	
12:55:39,20	-1,27184	
12:55:39,21	-0,917636	
12:55:39,23	-1,22757	
12:55:39,24	-0,87336	
12:55:39,25	-1,22757	
12:55:39,27	-1,27184	
12:55:39,28	-1,67032	
12:55:39,29	-1,05046	
12:55:39,30	-1,22757	
12:55:39,32	-1,36039	
12:55:39,33	-0,961912	
12:55:39,34	-1,22757	
12:55:39,35	-0,961912	
12:55:39,36	-1,36039	
12:55:39,37	-1,05046	
12:55:39,39	-1,40467	
12:55:39,40	-1,44895	
12:55:39,41	-1,05046	
12:55:39,42	-1,44895	
12:55:39,44	-1,31612	
12:55:39,45	-1,13901	
12:55:39,46	-1,5375	
12:55:39,48	-1,18329	
12:55:39,49	-0,784808	
12:55:39,51	-1,05046	
12:55:39,52	-1,00619	
12:55:39,53	-1,05046	
12:55:39,55	-1,00619	
12:55:39,56	-1,09474	
12:55:39,58	-1,49322	
12:55:39,59	-1,36039	
12:55:39,62	-0,961912	
12:55:39,63	-1,31612	
12:55:39,64	-1,5375	
12:55:39,66	-1,49322	
12:55:39,67	-1,00619	
12:55:39,69	-1,09474	
12:55:39,71	-1,00619	
12:55:39,73	-0,917636	
12:55:39,74	-0,917636	
12:55:39,76	-1,44895	
12:55:39,77	-0,696257	
12:55:39,78	-1,13901	
12:55:39,79	-1,31612	
12:55:39,81	-1,09474	
12:55:39,82	-1,18329	
12:55:39,84	-1,22757	
12:55:39,85	-0,87336	
12:55:39,87	-1,18329	
12:55:39,88	-1,31612	
12:55:39,90	-1,36039	
12:55:39,91	-1,36039	
12:55:39,92	-1,58177	
12:55:39,94	-1,09474	
12:55:39,95	-1,18329	
12:55:39,96	-1,40467	
12:55:39,98	-1,22757	
12:55:39,99	-1,31612	
12:55:40,00	-1,44895	
12:55:40,02	-1,31612	
12:55:40,03	-0,651981	
12:55:40,05	-1,36039	
12:55:40,06	-1,44895	
12:55:40,08	-1,49322	
12:55:40,09	-0,829084	
12:55:40,10	-1,5375	
12:55:40,12	-1,40467	
12:55:40,13	-1,27184	
12:55:40,14	-1,44895	
12:55:40,16	-1,36039	
12:55:40,18	-1,00619	
12:55:40,19	-1,44895	
12:55:40,21	-1,09474	
12:55:40,22	-0,961912	
12:55:40,24	-0,87336	
12:55:40,25	-1,13901	
12:55:40,27	-1,31612	
12:55:40,29	-1,22757	
12:55:40,31	-1,27184	
12:55:40,32	-1,18329	
12:55:40,34	-1,36039	
12:55:40,35	-1,09474	
12:55:40,37	-1,5375	
12:55:40,38	-1,5375	
12:55:40,39	-1,18329	
12:55:40,41	-1,40467	
12:55:40,42	-1,09474	
12:55:40,43	-1,05046	
12:55:40,44	-1,31612	
12:55:40,46	-1,31612	
12:55:40,47	-1,58177	
12:55:40,49	-0,740533	
12:55:40,50	-1,13901	
12:55:40,51	-1,18329	
12:55:40,53	-1,22757	
12:55:40,55	-1,00619	
12:55:40,57	-1,27184	
12:55:40,59	-1,62605	
12:55:40,60	-1,58177	
12:55:40,62	-1,67032	
12:55:40,64	-1,22757	
12:55:40,66	-1,13901	
12:55:40,68	-0,961912	
12:55:40,70	-1,5375	
12:55:40,72	-1,62605	
12:55:40,75	-1,09474	
12:55:40,76	-1,27184	
12:55:40,78	-1,18329	
12:55:40,79	-0,829084	
12:55:40,81	-1,18329	
12:55:40,82	-1,27184	
12:55:40,84	-1,22757	
12:55:40,86	-1,40467	
12:55:40,87	-0,961912	
12:55:40,89	-1,18329	
12:55:40,90	-1,13901	
12:55:40,91	-0,87336	
12:55:40,92	-1,80315	
12:55:40,94	-1,18329	
12:55:40,96	-1,27184	
12:55:40,97	-1,18329	
12:55:40,98	-0,87336	
12:55:40,99	-1,49322	
12:55:41,00	-1,36039	
12:55:41,02	-2,33446	
12:55:41,03	-1,27184	
12:55:41,05	-1,36039	
12:55:41,06	-1,27184	
12:55:41,08	-1,18329	
12:55:41,09	-0,917636	
12:55:41,11	-1,62605	
12:55:41,12	-1,36039	
12:55:41,13	-0,87336	
12:55:41,15	-1,31612	
12:55:41,16	-1,49322	
12:55:41,17	-1,18329	
12:55:41,18	-1,49322	
12:55:41,19	-1,18329	
12:55:41,21	-1,13901	
12:55:41,22	-1,22757	
12:55:41,23	-0,961912	
12:55:41,24	-1,36039	
12:55:41,25	-1,13901	
12:55:41,27	-0,917636	
12:55:41,28	-1,22757	
12:55:41,29	-0,917636	
12:55:41,30	-1,18329	
12:55:41,32	-1,36039	
12:55:41,33	-1,13901	
12:55:41,34	-1,36039	
12:55:41,35	-1,49322	
12:55:41,37	-1,44895	
12:55:41,38	-1,44895	
12:55:41,40	-1,18329	
12:55:41,41	-1,27184	
12:55:41,43	-1,13901	
12:55:41,44	-1,18329	
12:55:41,46	-1,5375	
12:55:41,48	-1,27184	
12:55:41,50	-1,36039	
12:55:41,52	-1,36039	
12:55:41,53	-0,917636	
12:55:41,55	-1,36039	
12:55:41,57	-1,13901	
12:55:41,58	-1,44895	
12:55:41,61	-1,36039	
12:55:41,63	-1,05046	
12:55:41,65	-1,09474	
12:55:41,67	-1,05046	
12:55:41,69	-1,49322	
12:55:41,71	-1,09474	
12:55:41,73	-0,961912	
12:55:41,75	-0,917636	
12:55:41,77	-1,31612	
12:55:41,78	-1,36039	
12:55:41,80	-0,87336	
12:55:41,81	-0,961912	
12:55:41,82	-1,27184	
12:55:41,84	-1,27184	
12:55:41,85	-1,18329	
12:55:41,86	-1,09474	
12:55:41,87	-1,36039	
12:55:41,89	-1,36039	
12:55:41,90	-1,31612	
12:55:41,91	-1,18329	
12:55:41,92	-1,40467	
12:55:41,94	-1,58177	
12:55:41,95	-1,09474	
12:55:41,96	-1,27184	
12:55:41,98	-1,00619	
12:55:41,99	-1,00619	
12:55:42,00	-1,09474	
12:55:42,02	-1,22757	
12:55:42,03	-1,27184	
12:55:42,04	-1,27184	
12:55:42,05	-1,09474	
12:55:42,07	-1,18329	
12:55:42,08	-1,13901	
12:55:42,10	-1,36039	
12:55:42,11	-1,05046	
12:55:42,12	-1,31612	
12:55:42,13	-1,00619	
12:55:42,15	-1,00619	
12:55:42,16	-1,44895	
12:55:42,17	-1,13901	
12:55:42,19	-0,961912	
12:55:42,20	-1,00619	
12:55:42,21	-1,18329	
12:55:42,23	-1,13901	
12:55:42,24	-1,44895	
12:55:42,25	-1,5375	
12:55:42,26	-1,09474	
12:55:42,28	-0,87336	
12:55:42,29	-1,18329	
12:55:42,30	-1,5375	
12:55:42,32	-1,18329	
12:55:42,33	-1,36039	
12:55:42,34	-1,58177	
12:55:42,35	-1,13901	
12:55:42,37	-1,27184	
12:55:42,38	-1,22757	
12:55:42,40	-1,31612	
12:55:42,41	-1,09474	
12:55:42,42	-0,961912	
12:55:42,43	-1,31612	
12:55:42,45	-1,18329	
12:55:42,46	-1,18329	
12:55:42,47	-1,40467	
12:55:42,49	-1,09474	
12:55:42,50	-1,75888	
12:55:42,51	-1,36039	
12:55:42,52	-1,18329	
12:55:42,53	-1,22757	
12:55:42,55	-1,22757	
12:55:42,56	-1,09474	
12:55:42,58	-1,58177	
12:55:42,59	-0,961912	
12:55:42,60	-1,31612	
12:55:42,61	-1,05046	
12:55:42,62	-1,44895	
12:55:42,64	-1,36039	
12:55:42,65	-1,27184	
12:55:42,66	-0,917636	
12:55:42,68	-1,49322	
12:55:42,69	-1,22757	
12:55:42,70	-1,36039	
12:55:42,72	-1,36039	
12:55:42,74	-1,18329	
12:55:42,76	-1,31612	
12:55:42,78	-1,22757	
12:55:42,80	-1,5375	
12:55:42,81	-1,13901	
12:55:42,83	-1,00619	
12:55:42,84	-1,27184	
12:55:42,86	-1,22757	
12:55:42,87	-1,40467	
12:55:42,88	-0,961912	
12:55:42,90	-1,36039	
12:55:42,91	-1,36039	
12:55:42,93	-1,00619	
12:55:42,94	-1,36039	
12:55:42,96	-1,36039	
12:55:42,98	-1,5375	
12:55:43,00	-1,67032	
12:55:43,02	-1,31612	
12:55:43,03	-0,87336	
12:55:43,04	-1,40467	
12:55:43,05	-1,18329	
12:55:43,07	-1,00619	
12:55:43,08	-1,09474	
12:55:43,10	-1,62605	
12:55:43,11	-1,22757	
12:55:43,12	-1,18329	
12:55:43,13	-0,961912	
12:55:43,15	-0,917636	
12:55:43,16	-1,44895	
12:55:43,17	-1,58177	
12:55:43,19	-1,18329	
12:55:43,21	-1,18329	
12:55:43,22	-1,40467	
12:55:43,23	-1,09474	
12:55:43,24	-1,40467	
12:55:43,25	-1,18329	
12:55:43,27	-1,49322	
12:55:43,28	-1,00619	
12:55:43,30	-1,40467	
12:55:43,31	-1,31612	
12:55:43,32	-1,13901	
12:55:43,34	-1,09474	
12:55:43,35	-0,961912	
12:55:43,38	-1,7146	
12:55:43,39	-1,22757	
12:55:43,40	-1,5375	
12:55:43,41	-1,13901	
12:55:43,43	-1,18329	
12:55:43,44	-1,40467	
12:55:43,45	-1,5375	
12:55:43,46	-0,961912	
12:55:43,47	-1,36039	
12:55:43,48	-1,27184	
12:55:43,49	-1,49322	
12:55:43,50	-1,18329	
12:55:43,51	-1,05046	
12:55:43,52	-1,18329	
12:55:43,54	-1,00619	
12:55:43,56	-0,917636	
12:55:43,58	-0,961912	
12:55:43,59	-1,09474	
12:55:43,61	-1,09474	
12:55:43,62	-1,31612	
12:55:43,63	-1,22757	
12:55:43,64	-1,40467	
12:55:43,65	-1,22757	
12:55:43,67	-1,58177	
12:55:43,68	-1,13901	
12:55:43,69	-1,44895	
12:55:43,71	-1,13901	
12:55:43,72	-1,27184	
12:55:43,73	-1,09474	
12:55:43,75	-0,829084	
12:55:43,76	-1,27184	
12:55:43,77	-1,22757	
12:55:43,78	-1,22757	
12:55:43,79	-1,7146	
12:55:43,81	-1,05046	
12:55:43,83	-1,36039	
12:55:43,85	-1,40467	
12:55:43,86	-1,18329	
12:55:43,88	-1,36039	
12:55:43,89	-1,36039	
12:55:43,92	-1,13901	
12:55:43,93	-1,44895	
12:55:43,95	-1,36039	
12:55:43,97	-1,05046	
12:55:43,99	-1,31612	
12:55:44,01	-1,36039	
12:55:44,03	-1,44895	
12:55:44,04	-1,27184	
12:55:44,06	-1,36039	
12:55:44,07	-1,49322	
12:55:44,09	-1,49322	
12:55:44,11	-1,13901	
12:55:44,13	-0,87336	
12:55:44,14	-1,05046	
12:55:44,15	-1,62605	
12:55:44,17	-1,09474	
12:55:44,18	-1,27184	
12:55:44,19	-1,58177	
12:55:44,21	-1,05046	
12:55:44,22	-1,44895	
12:55:44,23	-1,18329	
12:55:44,25	-0,740533	
12:55:44,26	-1,22757	
12:55:44,27	-1,40467	
12:55:44,29	-1,05046	
12:55:44,30	-1,7146	
12:55:44,31	-1,31612	
12:55:44,32	-1,62605	
12:55:44,33	-1,18329	
12:55:44,34	-1,31612	
12:55:44,36	-1,49322	
12:55:44,37	-1,49322	
12:55:44,39	-1,44895	
12:55:44,41	-1,22757	
12:55:44,43	-0,829084	
12:55:44,45	-1,13901	
12:55:44,47	-1,05046	
12:55:44,50	-1,27184	
12:55:44,52	-1,18329	
12:55:44,54	-1,13901	
12:55:44,56	-1,36039	
12:55:44,58	-1,22757	
12:55:44,60	-1,44895	
12:55:44,61	-1,31612	
12:55:44,63	-1,05046	
12:55:44,64	-1,40467	
12:55:44,65	-1,27184	
12:55:44,66	-0,961912	
12:55:44,67	-1,09474	
12:55:44,68	-1,00619	
12:55:44,69	-1,18329	
12:55:44,71	-1,49322	
12:55:44,73	-1,18329	
12:55:44,74	-1,44895	
12:55:44,75	-1,13901	
12:55:44,76	-1,09474	
12:55:44,77	-1,62605	
12:55:44,78	-1,18329	
12:55:44,80	-1,09474	
12:55:44,82	-1,58177	
12:55:44,83	-1,40467	
12:55:44,85	-1,00619	
12:55:44,86	-1,44895	
12:55:44,87	-1,49322	
12:55:44,88	-1,40467	
12:55:44,90	-1,27184	
12:55:44,91	-1,13901	
12:55:44,93	-1,67032	
12:55:44,95	-1,22757	
12:55:44,96	-1,44895	
12:55:44,97	-1,18329	
12:55:44,99	-1,18329	
12:55:45,01	-1,00619	
12:55:45,02	-1,22757	
12:55:45,04	-1,67032	
12:55:45,05	-1,00619	
12:55:45,06	-1,36039	
12:55:45,08	-1,36039	
12:55:45,09	-1,40467	
12:55:45,10	-1,05046	
12:55:45,12	-1,40467	
12:55:45,13	-1,05046	
12:55:45,14	-1,05046	
12:55:45,16	-1,40467	
12:55:45,17	-1,58177	
12:55:45,18	-0,917636	
12:55:45,20	-0,917636	
12:55:45,22	-1,5375	
12:55:45,23	-1,05046	
12:55:45,24	-1,22757	
12:55:45,25	-1,44895	
12:55:45,27	-1,13901	
12:55:45,28	-1,18329	
12:55:45,30	-1,13901	
12:55:45,32	-1,18329	
12:55:45,34	-1,09474	
12:55:45,35	-1,36039	
12:55:45,37	-0,607705	
12:55:45,38	-1,58177	
12:55:45,39	-1,36039	
12:55:45,40	-1,44895	
12:55:45,41	-1,44895	
12:55:45,43	-1,09474	
12:55:45,45	-1,05046	
12:55:45,46	-1,18329	
12:55:45,48	-1,05046	
12:55:45,49	-1,18329	
12:55:45,50	-1,00619	
12:55:45,52	-1,36039	
12:55:45,54	-1,40467	
12:55:45,55	-1,18329	
12:55:45,57	-0,917636	
12:55:45,58	-1,49322	
12:55:45,59	-1,44895	
12:55:45,60	-1,27184	
12:55:45,62	-0,87336	
12:55:45,63	-1,5375	
12:55:45,65	-1,49322	
12:55:45,66	-1,31612	
12:55:45,68	-1,22757	
12:55:45,69	-1,31612	
12:55:45,71	-1,13901	
12:55:45,73	-1,36039	
12:55:45,75	-1,09474	
12:55:45,76	-1,22757	
12:55:45,77	-1,58177	
12:55:45,79	-1,36039	
12:55:45,81	-0,961912	
12:55:45,82	-0,87336	
12:55:45,84	-1,00619	
12:55:45,86	-1,27184	
12:55:45,87	-1,05046	
12:55:45,89	-1,13901	
12:55:45,90	-1,27184	
12:55:45,92	-1,18329	
12:55:45,93	-1,27184	
12:55:45,94	-1,44895	
12:55:45,95	-1,27184	
12:55:45,97	-1,36039	
12:55:45,98	-0,961912	
12:55:46,00	-1,27184	
12:55:46,01	-1,00619	
12:55:46,02	-1,00619	
12:55:46,04	-1,36039	
12:55:46,05	-1,09474	
12:55:46,07	-1,22757	
12:55:46,08	-1,36039	
12:55:46,10	-1,22757	
12:55:46,11	-1,18329	
12:55:46,12	-0,917636	
12:55:46,14	-1,13901	
12:55:46,15	-1,05046	
12:55:46,17	-1,36039	
12:55:46,19	-1,31612	
12:55:46,20	-1,36039	
12:55:46,21	-1,49322	
12:55:46,23	-1,27184	
12:55:46,24	-1,05046	
12:55:46,26	-0,917636	
12:55:46,27	-1,13901	
12:55:46,29	-1,27184	
12:55:46,30	-1,09474	
12:55:46,31	-1,27184	
12:55:46,33	-1,36039	
12:55:46,34	-1,18329	
12:55:46,36	-0,961912	
12:55:46,37	-1,49322	
12:55:46,39	-1,18329	
12:55:46,40	-1,13901	
12:55:46,41	-1,58177	
12:55:46,42	-1,31612	
12:55:46,44	-1,13901	
12:55:46,45	-1,58177	
12:55:46,47	-1,40467	
12:55:46,48	-1,31612	
12:55:46,49	-1,18329	
12:55:46,51	-0,961912	
12:55:46,52	-1,00619	
12:55:46,53	-1,40467	
12:55:46,55	-1,44895	
12:55:46,56	-0,696257	
12:55:46,58	-1,22757	
12:55:46,59	-1,40467	
12:55:46,61	-1,00619	
12:55:46,62	-1,09474	
12:55:46,64	-1,27184	
12:55:46,65	-0,961912	
12:55:46,66	-1,22757	
12:55:46,67	-0,917636	
12:55:46,69	-1,22757	
12:55:46,70	-2,11308	
12:55:46,71	-1,49322	
12:55:46,73	-1,49322	
12:55:46,74	-0,87336	
12:55:46,75	-1,18329	
12:55:46,76	-0,563429	
12:55:46,78	-1,5375	
12:55:46,79	-1,36039	
12:55:46,80	-1,22757	
12:55:46,81	-1,22757	
12:55:46,83	-1,22757	
12:55:46,85	-1,36039	
12:55:46,86	-1,22757	
12:55:46,87	-1,5375	
12:55:46,88	-1,36039	
12:55:46,90	-1,13901	
12:55:46,91	-1,22757	
12:55:46,93	-1,31612	
12:55:46,94	-0,961912	
12:55:46,95	-0,87336	
12:55:46,96	-0,784808	
12:55:46,98	-1,36039	
12:55:46,99	-0,961912	
12:55:47,00	-1,13901	
12:55:47,01	-1,31612	
12:55:47,02	-1,05046	
12:55:47,04	-1,44895	
12:55:47,05	-1,22757	
12:55:47,07	-1,5375	
12:55:47,09	-1,18329	
12:55:47,11	-1,31612	
12:55:47,13	-1,36039	
12:55:47,15	-1,27184	
12:55:47,17	-1,44895	
12:55:47,19	-1,44895	
12:55:47,21	-1,31612	
12:55:47,22	-1,18329	
12:55:47,24	-1,05046	
12:55:47,25	-1,44895	
12:55:47,27	-1,05046	
12:55:47,29	-1,5375	
12:55:47,30	-0,563429	
12:55:47,31	-1,49322	
12:55:47,33	-1,09474	
12:55:47,34	-1,62605	
12:55:47,35	-1,49322	
12:55:47,37	-1,18329	
12:55:47,38	-1,05046	
12:55:47,39	-1,05046	
12:55:47,41	-1,22757	
12:55:47,42	-1,44895	
12:55:47,43	-1,36039	
12:55:47,44	-1,40467	
12:55:47,46	-0,961912	
12:55:47,47	-1,09474	
12:55:47,48	-1,22757	
12:55:47,50	-1,00619	
12:55:47,51	-1,49322	
12:55:47,53	-1,27184	
12:55:47,54	-1,00619	
12:55:47,56	-1,13901	
12:55:47,57	-1,36039	
12:55:47,58	-1,27184	
12:55:47,60	-1,09474	
12:55:47,62	-1,00619	
12:55:47,64	-0,961912	
12:55:47,66	-1,40467	
12:55:47,68	-1,22757	
12:55:47,69	-1,18329	
12:55:47,71	-1,40467	
12:55:47,73	-1,18329	
12:55:47,75	-1,18329	
12:55:47,76	-1,36039	
12:55:47,78	-1,13901	
12:55:47,79	-1,80315	
12:55:47,80	-0,961912	
12:55:47,82	-1,18329	
12:55:47,83	-1,67032	
12:55:47,84	-0,607705	
12:55:47,86	-1,13901	
12:55:47,87	-1,58177	
12:55:47,90	-1,31612	
12:55:47,91	-1,18329	
12:55:47,93	-1,5375	
12:55:47,94	-0,87336	
12:55:47,95	-1,5375	
12:55:47,97	-1,22757	
12:55:47,98	-1,36039	
12:55:48,00	-0,917636	
12:55:48,01	-1,5375	
12:55:48,03	-1,31612	
12:55:48,05	-1,27184	
12:55:48,06	-0,696257	
12:55:48,07	-1,49322	
12:55:48,09	-1,00619	
12:55:48,10	-0,917636	
12:55:48,11	-1,05046	
12:55:48,13	-1,22757	
12:55:48,14	-1,40467	
12:55:48,16	-1,22757	
12:55:48,17	-0,917636	
12:55:48,18	-1,31612	
12:55:48,19	-1,31612	
12:55:48,21	-1,18329	
12:55:48,22	-1,49322	
12:55:48,24	-1,80315	
12:55:48,26	-0,651981	
12:55:48,27	-1,58177	
12:55:48,28	-1,27184	
12:55:48,30	-1,00619	
12:55:48,31	-1,62605	
12:55:48,33	-1,36039	
12:55:48,35	-1,22757	
12:55:48,37	-1,27184	
12:55:48,38	-0,917636	
12:55:48,39	-1,31612	
12:55:48,41	-1,09474	
12:55:48,43	-1,13901	
12:55:48,45	-1,40467	
12:55:48,46	-0,961912	
12:55:48,47	-1,36039	
12:55:48,49	-1,09474	
12:55:48,51	-1,36039	
12:55:48,52	-0,87336	
12:55:48,54	-1,09474	
12:55:48,56	-1,09474	
12:55:48,57	-1,00619	
12:55:48,59	-1,31612	
12:55:48,61	-1,13901	
12:55:48,63	-1,27184	
12:55:48,65	-1,05046	
12:55:48,67	-1,5375	
12:55:48,68	-1,36039	
12:55:48,70	-0,917636	
12:55:48,71	-1,36039	
12:55:48,72	-0,961912	
12:55:48,74	-1,05046	
12:55:48,75	-1,18329	
12:55:48,76	-1,22757	
12:55:48,77	-1,49322	
12:55:48,78	-1,22757	
12:55:48,80	-1,09474	
12:55:48,81	-1,22757	
12:55:48,82	-1,09474	
12:55:48,84	-1,13901	
12:55:48,85	-1,22757	
12:55:48,87	-1,31612	
12:55:48,88	-1,27184	
12:55:48,90	-1,5375	
12:55:48,91	-1,18329	
12:55:48,92	-1,09474	
12:55:48,93	-1,27184	
12:55:48,95	-1,05046	
12:55:48,97	-1,13901	
12:55:48,98	-1,36039	
12:55:48,99	-1,22757	
12:55:49,01	-1,5375	
12:55:49,02	-0,740533	
12:55:49,04	-0,917636	
12:55:49,06	-1,36039	
12:55:49,07	-1,22757	
12:55:49,09	-1,44895	
12:55:49,10	-0,961912	
12:55:49,11	-1,22757	
12:55:49,13	-1,05046	
12:55:49,14	-1,22757	
12:55:49,16	-0,829084	
12:55:49,17	-1,31612	
12:55:49,18	-1,36039	
12:55:49,19	-1,00619	
12:55:49,21	-1,13901	
12:55:49,22	-1,44895	
12:55:49,23	-1,18329	
12:55:49,25	-1,44895	
12:55:49,26	-1,18329	
12:55:49,27	-1,36039	
12:55:49,29	-1,22757	
12:55:49,30	-0,917636	
12:55:49,32	-1,36039	
12:55:49,34	-0,829084	
12:55:49,36	-1,49322	
12:55:49,38	-1,44895	
12:55:49,39	-1,5375	
12:55:49,41	-1,05046	
12:55:49,43	-1,09474	
12:55:49,45	-1,5375	
12:55:49,46	-1,36039	
12:55:49,48	-1,58177	
12:55:49,50	-1,13901	
12:55:49,52	-1,13901	
12:55:49,54	-1,05046	
12:55:49,55	-1,36039	
12:55:49,56	-0,917636	
12:55:49,57	-1,05046	
12:55:49,59	-1,40467	
12:55:49,60	-1,18329	
12:55:49,61	-1,13901	
12:55:49,63	-1,36039	
12:55:49,64	-0,784808	
12:55:49,65	-1,58177	
12:55:49,66	-1,22757	
12:55:49,67	-1,22757	
12:55:49,69	-1,36039	
12:55:49,71	-1,00619	
12:55:49,72	-0,917636	
12:55:49,73	-1,18329	
12:55:49,74	-1,40467	
12:55:49,76	-1,00619	
12:55:49,77	-1,00619	
12:55:49,78	-1,05046	
12:55:49,80	-1,36039	
12:55:49,81	-1,31612	
12:55:49,82	-1,36039	
12:55:49,83	-1,22757	
12:55:49,85	-1,27184	
12:55:49,87	-1,22757	
12:55:49,89	-0,829084	
12:55:49,91	-1,18329	
12:55:49,93	-1,00619	
12:55:49,95	-1,00619	
12:55:49,97	-1,36039	
12:55:49,98	-1,44895	
12:55:50,00	-1,00619	
12:55:50,02	-1,05046	
12:55:50,03	-1,09474	
12:55:50,05	-1,27184	
12:55:50,06	-1,13901	
12:55:50,08	-0,87336	
12:55:50,09	-1,05046	
12:55:50,10	-1,18329	
12:55:50,12	-1,13901	
12:55:50,13	-1,49322	
12:55:50,15	-1,00619	
12:55:50,16	-1,05046	
12:55:50,17	-1,22757	
12:55:50,18	-1,09474	
12:55:50,19	-0,917636	
12:55:50,21	-1,62605	
12:55:50,22	-1,09474	
12:55:50,23	-1,27184	
12:55:50,24	-1,27184	
12:55:50,26	-0,917636	
12:55:50,27	-1,05046	
12:55:50,28	-1,31612	
12:55:50,30	-1,18329	
12:55:50,31	-1,09474	
12:55:50,33	-1,5375	
12:55:50,34	-1,05046	
12:55:50,36	-1,05046	
12:55:50,37	-1,13901	
12:55:50,39	-1,40467	
12:55:50,40	-0,563429	
12:55:50,42	-0,784808	
12:55:50,43	-0,87336	
12:55:50,45	-1,27184	
12:55:50,46	-1,36039	
12:55:50,48	-0,784808	
12:55:50,49	-1,13901	
12:55:50,51	-1,7146	
12:55:50,52	-1,00619	
12:55:50,53	-1,00619	
12:55:50,54	-1,00619	
12:55:50,56	-1,05046	
12:55:50,57	-1,09474	
12:55:50,58	-1,18329	
12:55:50,59	-0,740533	
12:55:50,61	-1,44895	
12:55:50,62	-1,13901	
12:55:50,63	-1,22757	
12:55:50,64	-1,40467	
12:55:50,66	-0,740533	
12:55:50,67	-0,961912	
12:55:50,69	-1,22757	
12:55:50,70	-0,961912	
12:55:50,72	-1,27184	
12:55:50,73	-1,22757	
12:55:50,75	-0,563429	
12:55:50,77	-1,05046	
12:55:50,79	-0,917636	
12:55:50,81	-0,961912	
12:55:50,82	-0,519154	
12:55:50,84	-0,519154	
12:55:50,85	-0,740533	
12:55:50,87	-0,120672	
12:55:50,88	0,322086	
12:55:50,90	1,34043	
12:55:50,91	2,75726	
12:55:50,92	3,55422	
12:55:50,94	5,54663	
12:55:50,95	7,05201	
12:55:50,96	8,11463	
12:55:50,98	8,91159	
12:55:50,99	9,48718	
12:55:51,01	9,70856	
12:55:51,02	9,92993	
12:55:51,03	10,3727	
12:55:51,04	10,6383	
12:55:51,06	10,9483	
12:55:51,08	11,3025	
12:55:51,10	11,8338	
12:55:51,11	11,9223	
12:55:51,13	12,6308	
12:55:51,14	12,8964	
12:55:51,16	13,7819	
12:55:51,17	13,5163	
12:55:51,18	14,0476	
12:55:51,20	14,4018	
12:55:51,21	15,243	
12:55:51,23	15,7743	
12:55:51,24	15,5087	
12:55:51,25	16,2171	
12:55:51,26	15,8629	
12:55:51,28	16,7927	
12:55:51,29	17,2797	
12:55:51,31	17,3683	
12:55:51,32	18,0767	
12:55:51,33	18,9622	
12:55:51,35	19,095	
12:55:51,36	19,5378	
12:55:51,38	20,379	
12:55:51,39	20,8218	
12:55:51,41	21,4859	
12:55:51,43	22,1058	
12:55:51,44	23,3012	
12:55:51,45	23,9654	
12:55:51,46	24,6295	
12:55:51,48	25,3379	
12:55:51,50	26,3563	
12:55:51,52	27,2418	
12:55:51,53	28,1716	
12:55:51,55	29,7655	
12:55:51,56	30,6953	
12:55:51,58	32,3778	
12:55:51,59	33,9274	
12:55:51,61	35,1229	
12:55:51,62	36,5397	
12:55:51,63	38,1336	
12:55:51,65	38,7092	
12:55:51,66	39,8604	
12:55:51,67	40,9673	
12:55:51,69	42,0299	
12:55:51,71	43,978	
12:55:51,72	45,7048	
12:55:51,74	46,9888	
12:55:51,76	49,601	
12:55:51,77	51,9034	
12:55:51,79	53,5416	
12:55:51,80	55,4455	
12:55:51,82	56,4195	
12:55:51,84	58,4119	
12:55:51,86	60,7143	
12:55:51,88	63,5479	
12:55:51,90	65,5846	
12:55:51,92	67,3114	
12:55:51,93	68,6839	
12:55:51,95	69,658	
12:55:51,97	69,7023	
12:55:51,98	70,145	
12:55:51,99	70,6321	
12:55:52,01	71,2076	
12:55:52,02	71,1634	
12:55:52,04	71,429	
12:55:52,05	71,2519	
12:55:52,06	71,8275	
12:55:52,08	71,7389	
12:55:52,09	72,4474	
12:55:52,10	72,4916	
12:55:52,12	72,8458	
12:55:52,13	73,5543	
12:55:52,14	73,997	
12:55:52,16	74,0413	
12:55:52,17	74,3955	
12:55:52,18	74,4398	
12:55:52,20	74,794	
12:55:52,21	75,0596	
12:55:52,22	74,6612	
12:55:52,24	74,9268	
12:55:52,25	75,1482	
12:55:52,27	74,5726	
12:55:52,28	74,2627	
12:55:52,29	73,9527	
12:55:52,31	73,3329	
12:55:52,32	72,8016	
12:55:52,33	77,9818	
12:55:52,35	74,7497	
12:55:52,36	68,7725	
12:55:52,37	65,5846	
12:55:52,38	63,1937	
12:55:52,40	60,9799	
12:55:52,41	59,4746	
12:55:52,42	57,305	
12:55:52,43	56,5966	
12:55:52,45	55,3569	
12:55:52,46	53,453	
12:55:52,48	54,5157	
12:55:52,49	52,1248	
12:55:52,50	48,5384	
12:55:52,51	46,1475	
12:55:52,52	43,2696	
12:55:52,54	39,1962	
12:55:52,55	36,7611	
12:55:52,57	33,3076	
12:55:52,58	31,0495	
12:55:52,59	29,854	
12:55:52,60	28,1273	
12:55:52,62	27,3746	
12:55:52,63	26,7105	
12:55:52,64	24,9837	
12:55:52,66	24,1425	
12:55:52,67	24,0982	
12:55:52,68	22,947	
12:55:52,69	22,8142	
12:55:52,71	22,0615	
12:55:52,72	20,6004	
12:55:52,73	21,0874	
12:55:52,75	19,095	
12:55:52,76	17,0141	
12:55:52,77	16,4385	
12:55:52,79	14,9331	
12:55:52,80	13,6934	
12:55:52,81	13,6934	
12:55:52,83	12,8521	
12:55:52,84	12,6308	
12:55:52,86	11,6567	
12:55:52,87	11,7452	
12:55:52,88	11,4353	
12:55:52,90	11,6124	
12:55:52,91	11,6567	
12:55:52,93	11,6567	
12:55:52,94	11,391	
12:55:52,96	11,2139	
12:55:52,97	11,0811	
12:55:52,98	11,6124	
12:55:52,99	11,4796	
12:55:53,00	10,7269	
12:55:53,02	10,904	
12:55:53,03	10,8155	
12:55:53,04	10,9926	
12:55:53,05	10,9926	
12:55:53,07	10,9483	
12:55:53,08	11,2139	
12:55:53,09	10,6826	
12:55:53,10	10,4612	
12:55:53,12	10,5055	
12:55:53,13	10,9926	
12:55:53,14	10,6826	
12:55:53,16	10,4612	
12:55:53,17	10,6826	
12:55:53,18	10,3727	
12:55:53,20	11,0368	
12:55:53,22	9,88566	
12:55:53,24	10,107	
12:55:53,26	10,1956	
12:55:53,27	10,3284	
12:55:53,28	9,70856	
12:55:53,30	9,66428	
12:55:53,31	9,92993	
12:55:53,33	9,48718	
12:55:53,34	9,57573	
12:55:53,35	9,2658	
12:55:53,36	8,73449	
12:55:53,37	8,95587	
12:55:53,39	8,77876	
12:55:53,40	8,20318	
12:55:53,42	8,20318	
12:55:53,43	7,89325	
12:55:53,44	7,53904	
12:55:53,45	7,31766	
12:55:53,47	6,78635	
12:55:53,49	6,38787	
12:55:53,51	5,81229	
12:55:53,52	5,36953	
12:55:53,53	5,14815	
12:55:53,54	4,61684	
12:55:53,55	4,74967	
12:55:53,57	4,61684	
12:55:53,59	3,28856	
12:55:53,60	3,42139	
12:55:53,61	3,11146	
12:55:53,62	2,53588	
12:55:53,63	2,22595	
12:55:53,65	2,09312	
12:55:53,66	1,60608	
12:55:53,67	1,69464	
12:55:53,69	1,29615	
12:55:53,71	0,853396	
12:55:53,72	0,543465	
12:55:53,73	0,366362	
12:55:53,75	0,49919	
12:55:53,76	0,100707	
12:55:53,78	-0,120672	
12:55:53,79	-0,519154	
12:55:53,81	-0,519154	
12:55:53,82	-0,430602	
12:55:53,83	-0,430602	
12:55:53,85	-0,784808	
12:55:53,86	-1,00619	
12:55:53,87	-0,784808	
12:55:53,88	-1,13901	
12:55:53,90	-0,829084	
12:55:53,91	-0,784808	
12:55:53,94	-1,67032	
12:55:53,95	-0,961912	
12:55:53,96	-1,27184	
12:55:53,98	-1,22757	
12:55:53,99	-1,44895	
12:55:54,02	-1,36039	
12:55:54,04	-1,44895	
12:55:54,05	-1,36039	
12:55:54,07	-1,27184	
12:55:54,10	-1,27184	
12:55:54,12	-1,40467	
12:55:54,13	-1,22757	
12:55:54,15	-1,13901	
12:55:54,16	-1,36039	
12:55:54,18	-0,961912	
12:55:54,19	-1,13901	
12:55:54,21	-1,22757	
12:55:54,22	-1,18329	
12:55:54,23	-1,18329	
12:55:54,25	-0,961912	
12:55:54,26	-1,13901	
12:55:54,28	-1,09474	
12:55:54,29	-1,22757	
12:55:54,31	-1,13901	
12:55:54,32	-1,31612	
12:55:54,34	-1,00619	
12:55:54,36	-1,7146	
12:55:54,37	-1,36039	
12:55:54,40	-1,49322	
12:55:54,42	-1,09474	
12:55:54,44	-1,44895	
12:55:54,46	-1,58177	
12:55:54,48	-1,62605	
12:55:54,50	-1,44895	
12:55:54,51	-0,961912	
12:55:54,53	-1,5375	
12:55:54,55	-0,696257	
12:55:54,57	-1,18329	
12:55:54,59	-1,00619	
12:55:54,61	-1,18329	
12:55:54,62	-1,44895	
12:55:54,64	-1,05046	
12:55:54,66	-1,44895	
12:55:54,68	-1,36039	
12:55:54,70	-1,67032	
12:55:54,71	-1,27184	
12:55:54,73	-1,40467	
12:55:54,75	-0,961912	
12:55:54,77	-1,13901	
12:55:54,79	-1,22757	
12:55:54,81	-1,18329	
12:55:54,83	-1,27184	
12:55:54,85	-1,22757	
12:55:54,87	-1,09474	
12:55:54,88	-1,18329	
12:55:54,90	-1,31612	
12:55:54,91	-1,18329	
12:55:54,93	-1,09474	
12:55:54,94	-1,09474	
12:55:54,95	-1,44895	
12:55:54,97	-1,22757	
12:55:54,98	-0,519154	
12:55:55,00	-1,22757	
12:55:55,01	-1,09474	
12:55:55,02	-1,05046	
12:55:55,04	-1,40467	
12:55:55,05	-0,87336	
12:55:55,06	-1,27184	
12:55:55,07	-0,961912	
12:55:55,08	-1,31612	
12:55:55,10	-0,740533	
12:55:55,11	-0,740533	
12:55:55,13	-0,829084	
12:55:55,14	-1,09474	
12:55:55,15	-1,13901	
12:55:55,16	-1,00619	
12:55:55,18	-1,5375	
12:55:55,19	-1,49322	
12:55:55,20	-1,36039	
12:55:55,22	-1,22757	
12:55:55,23	-1,05046	
12:55:55,24	-1,31612	
12:55:55,26	-1,5375	
12:55:55,27	-1,31612	
12:55:55,28	-1,18329	
12:55:55,29	-1,13901	
12:55:55,31	-1,09474	
12:55:55,32	-1,18329	
12:55:55,33	-1,40467	
12:55:55,34	-1,18329	
12:55:55,36	-1,49322	
12:55:55,37	-1,49322	
12:55:55,38	-1,09474	
12:55:55,40	-1,67032	
12:55:55,41	-0,917636	
12:55:55,42	-1,44895	
12:55:55,44	-1,05046	
12:55:55,46	-0,917636	
12:55:55,47	-1,67032	
12:55:55,49	-1,58177	
12:55:55,51	-0,519154	
12:55:55,52	-1,22757	
12:55:55,54	-1,00619	
12:55:55,56	-1,09474	
12:55:55,58	-1,09474	
12:55:55,59	-0,961912	
12:55:55,61	-0,961912	
12:55:55,62	-1,18329	
12:55:55,64	-1,49322	
12:55:55,65	-1,31612	
12:55:55,67	-1,00619	
12:55:55,68	-1,44895	
12:55:55,69	-0,917636	
12:55:55,70	-1,22757	
12:55:55,72	-1,36039	
12:55:55,73	-1,13901	
12:55:55,75	-1,31612	
12:55:55,76	-1,05046	
12:55:55,77	-1,27184	
12:55:55,78	-1,18329	
12:55:55,80	-1,18329	
12:55:55,81	-1,13901	
12:55:55,83	-0,917636	
12:55:55,84	-1,27184	
12:55:55,85	-1,27184	
12:55:55,86	-1,36039	
12:55:55,88	-1,44895	
12:55:55,89	-1,31612	
12:55:55,90	-1,5375	
12:55:55,92	-1,44895	
12:55:55,93	-1,31612	
12:55:55,95	-1,05046	
12:55:55,96	-1,49322	
12:55:55,97	-1,40467	
12:55:55,99	-0,87336	
12:55:56,00	-1,31612	
12:55:56,02	-1,31612	
12:55:56,04	-1,05046	
12:55:56,05	-1,13901	
12:55:56,06	-0,87336	
12:55:56,07	-1,31612	
12:55:56,09	-1,18329	
12:55:56,11	-1,00619	
12:55:56,13	-1,00619	
12:55:56,15	-1,00619	
12:55:56,17	-1,22757	
12:55:56,19	-1,09474	
12:55:56,20	-1,93598	
12:55:56,21	-1,22757	
12:55:56,22	-1,22757	
12:55:56,24	-1,7146	
12:55:56,25	-0,829084	
12:55:56,27	-1,09474	
12:55:56,28	-1,27184	
12:55:56,30	-1,13901	
12:55:56,31	-1,40467	
12:55:56,32	-1,27184	
12:55:56,33	-1,49322	
12:55:56,35	-1,13901	
12:55:56,36	-1,44895	
12:55:56,38	-1,40467	
12:55:56,40	-1,09474	
12:55:56,41	-1,36039	
12:55:56,43	-1,22757	
12:55:56,44	-0,961912	
12:55:56,46	-1,5375	
12:55:56,47	-1,31612	
12:55:56,48	-0,917636	
12:55:56,50	-1,00619	
12:55:56,51	-1,18329	
12:55:56,53	-0,917636	
12:55:56,54	-1,05046	
12:55:56,55	-1,49322	
12:55:56,57	-1,31612	
12:55:56,58	-1,09474	
12:55:56,59	-1,7146	
12:55:56,61	-1,13901	
12:55:56,62	-1,00619	
12:55:56,64	-1,36039	
12:55:56,65	-1,31612	
12:55:56,67	-1,49322	
12:55:56,69	-1,22757	
12:55:56,71	-1,27184	
12:55:56,72	-0,87336	
12:55:56,74	-0,87336	
12:55:56,76	-1,09474	
12:55:56,77	-1,00619	
12:55:56,78	-1,18329	
12:55:56,80	-1,40467	
12:55:56,82	-0,829084	
12:55:56,83	-1,31612	
12:55:56,84	-0,87336	
12:55:56,86	-1,36039	
12:55:56,87	-1,49322	
12:55:56,88	-1,44895	
12:55:56,89	-1,13901	
12:55:56,91	-1,31612	
12:55:56,93	-1,22757	
12:55:56,94	-1,22757	
12:55:56,95	-1,27184	
12:55:56,97	-1,13901	
12:55:56,98	-1,18329	
12:55:57,00	-0,917636	
12:55:57,01	-1,36039	
12:55:57,03	-1,49322	
12:55:57,04	-1,18329	
12:55:57,06	-1,22757	
12:55:57,08	-1,09474	
12:55:57,09	-1,5375	
12:55:57,10	-1,05046	
12:55:57,12	-1,05046	
12:55:57,13	-1,09474	
12:55:57,14	-1,44895	
12:55:57,16	-1,62605	
12:55:57,17	-1,22757	
12:55:57,19	-1,58177	
12:55:57,21	-1,00619	
12:55:57,23	-1,44895	
12:55:57,24	-1,36039	
12:55:57,26	-1,36039	
12:55:57,27	-1,22757	
12:55:57,28	-1,31612	
12:55:57,30	-1,49322	
12:55:57,32	-0,696257	
12:55:57,34	-0,961912	
12:55:57,36	-1,22757	
12:55:57,38	-0,696257	
12:55:57,40	-1,27184	
12:55:57,42	-1,44895	
12:55:57,44	-1,36039	
12:55:57,45	-1,31612	
12:55:57,46	-1,00619	
12:55:57,48	-1,27184	
12:55:57,49	-1,58177	
12:55:57,51	-1,22757	
12:55:57,52	-0,829084	
12:55:57,54	-0,917636	
12:55:57,55	-1,09474	
12:55:57,57	-1,05046	
12:55:57,58	-0,961912	
12:55:57,60	-1,62605	
12:55:57,61	-1,05046	
12:55:57,62	-1,18329	
12:55:57,64	-1,09474	
12:55:57,65	-1,5375	
12:55:57,67	-0,917636	
12:55:57,69	-0,829084	
12:55:57,70	-1,09474	
12:55:57,72	-0,917636	
12:55:57,74	-1,05046	
12:55:57,75	-1,13901	
12:55:57,76	-1,27184	
12:55:57,78	-1,40467	
12:55:57,80	-1,31612	
12:55:57,81	-1,22757	
12:55:57,83	-0,87336	
12:55:57,84	-1,27184	
12:55:57,86	-1,40467	
12:55:57,87	-0,917636	
12:55:57,89	-1,00619	
12:55:57,90	-1,00619	
12:55:57,92	-1,13901	
12:55:57,94	-1,40467	
12:55:57,95	-1,62605	
12:55:57,97	-1,40467	
12:55:57,98	-1,00619	
12:55:58,00	-1,36039	
12:55:58,01	-1,49322	
12:55:58,03	-1,09474	
12:55:58,04	-0,961912	
12:55:58,06	-1,44895	
12:55:58,08	-1,44895	
12:55:58,09	-1,31612	
12:55:58,11	-1,44895	
12:55:58,12	-0,961912	
12:55:58,14	-0,87336	
12:55:58,16	-1,40467	
12:55:58,17	-1,05046	
12:55:58,19	-1,36039	
12:55:58,21	-1,31612	
12:55:58,22	-1,27184	
12:55:58,24	-1,18329	
12:55:58,26	-1,09474	
12:55:58,27	-1,36039	
12:55:58,28	-1,13901	
12:55:58,30	-1,31612	
12:55:58,31	-0,917636	
12:55:58,33	-1,00619	
12:55:58,34	-1,31612	
12:55:58,36	-1,62605	
12:55:58,38	-1,44895	
12:55:58,39	-1,36039	
12:55:58,41	-1,67032	
12:55:58,43	-1,13901	
12:55:58,44	-1,13901	
12:55:58,46	-0,87336	
12:55:58,47	-1,36039	
12:55:58,49	-1,31612	
12:55:58,51	-1,27184	
12:55:58,52	-1,31612	
12:55:58,54	-1,09474	
12:55:58,55	-1,40467	
12:55:58,57	-1,49322	
12:55:58,58	-1,05046	
12:55:58,59	-0,961912	
12:55:58,60	-0,829084	
12:55:58,62	-1,40467	
12:55:58,63	-1,44895	
12:55:58,65	-1,31612	
12:55:58,66	-1,18329	
12:55:58,67	-1,18329	
12:55:58,68	-1,13901	
12:55:58,69	-1,31612	
12:55:58,70	-1,36039	
12:55:58,72	-1,31612	
12:55:58,73	-1,27184	
12:55:58,74	-1,36039	
12:55:58,75	-1,5375	
12:55:58,76	-1,05046	
12:55:58,77	-1,36039	
12:55:58,79	-1,31612	
12:55:58,80	-0,917636	
12:55:58,81	-1,31612	
12:55:58,82	-1,00619	
12:55:58,83	-1,36039	
12:55:58,84	-0,87336	
12:55:58,86	-1,00619	
12:55:58,87	-1,44895	
12:55:58,89	-1,36039	
12:55:58,90	-1,13901	
12:55:58,91	-1,36039	
12:55:58,92	-0,784808	
12:55:58,93	-1,44895	
12:55:58,94	-1,36039	
12:55:58,96	-1,40467	
12:55:58,97	-1,44895	
12:55:58,98	-0,87336	
12:55:59,00	-1,40467	
12:55:59,01	-1,40467	
12:55:59,02	-1,05046	
12:55:59,03	-1,58177	
12:55:59,04	-1,00619	
12:55:59,05	-1,22757	
12:55:59,07	-1,40467	
12:55:59,08	-1,18329	
12:55:59,09	-1,5375	
12:55:59,11	-1,22757	
12:55:59,12	-0,917636	
12:55:59,13	-1,49322	
12:55:59,14	-1,22757	
12:55:59,16	-1,40467	
12:55:59,17	-1,36039	
12:55:59,18	-1,00619	
12:55:59,19	-1,49322	
12:55:59,20	-0,917636	
12:55:59,22	-1,18329	
12:55:59,23	-1,58177	
12:55:59,24	-1,36039	
12:55:59,26	-0,87336	
12:55:59,27	-1,31612	
12:55:59,28	-0,784808	
12:55:59,29	-1,22757	
12:55:59,31	-1,31612	
12:55:59,32	-0,740533	
12:55:59,34	-0,961912	
12:55:59,36	-1,31612	
12:55:59,37	-1,7146	
12:55:59,38	-1,27184	
12:55:59,40	-1,22757	
12:55:59,42	-0,917636	
12:55:59,44	-1,18329	
12:55:59,46	-1,00619	
12:55:59,47	-1,22757	
12:55:59,49	-1,27184	
12:55:59,51	-1,44895	
12:55:59,53	-1,75888	
12:55:59,54	-1,18329	
12:55:59,56	-1,05046	
12:55:59,57	-1,27184	
12:55:59,58	-0,607705	
12:55:59,60	-1,36039	
12:55:59,63	-1,40467	
12:55:59,64	-1,18329	
12:55:59,65	-1,67032	
12:55:59,67	-1,36039	
12:55:59,68	-1,18329	
12:55:59,69	-1,09474	
12:55:59,71	-1,49322	
12:55:59,72	-1,22757	
12:55:59,73	-1,13901	
12:55:59,74	-1,18329	
12:55:59,76	-1,00619	
12:55:59,77	-1,84743	
12:55:59,78	-0,87336	
12:55:59,79	-1,09474	
12:55:59,80	-1,18329	
12:55:59,81	-1,49322	
12:55:59,82	-0,696257	
12:55:59,83	-0,87336	
12:55:59,84	-1,36039	
12:55:59,85	-1,7146	
12:55:59,86	-0,917636	
12:55:59,87	-1,75888	
12:55:59,88	-0,917636	
12:55:59,90	-1,22757	
12:55:59,91	-1,22757	
12:55:59,92	-1,36039	
12:55:59,93	-1,00619	
12:55:59,94	-1,05046	
12:55:59,95	-1,18329	
12:55:59,96	-0,740533	
12:55:59,97	-1,36039	
12:55:59,98	-1,09474	
12:55:59,99	-1,36039	
12:56:00,00	-1,09474	
12:56:00,01	-1,27184	
12:56:00,03	-1,44895	
12:56:00,04	-0,696257	
12:56:00,05	-1,40467	
12:56:00,06	-0,829084	
12:56:00,07	-1,36039	
12:56:00,08	-1,31612	
12:56:00,09	-1,31612	
12:56:00,10	-1,18329	
12:56:00,12	-1,31612	
12:56:00,12	-1,31612	
12:56:00,13	-1,27184	
12:56:00,15	-0,961912	
12:56:00,16	-0,87336	
12:56:00,17	-1,44895	
12:56:00,18	-0,917636	
12:56:00,19	-1,75888	
12:56:00,20	-1,27184	
12:56:00,21	-1,05046	
12:56:00,22	-1,40467	
12:56:00,24	-1,5375	
12:56:00,25	-1,44895	
12:56:00,26	-1,44895	
12:56:00,27	-1,13901	
12:56:00,29	-1,40467	
12:56:00,30	-1,40467	
12:56:00,31	-1,31612	
12:56:00,33	-2,24591	
12:56:00,34	-1,31612	
12:56:00,35	-1,49322	
12:56:00,36	-0,696257	
12:56:00,37	-1,09474	
12:56:00,39	-1,31612	
12:56:00,40	-1,18329	
12:56:00,41	-1,58177	
12:56:00,42	-1,13901	
12:56:00,44	-1,36039	
12:56:00,45	-1,36039	
12:56:00,46	-0,87336	
12:56:00,48	-1,05046	
12:56:00,49	-1,36039	
12:56:00,50	-0,740533	
12:56:00,51	-1,44895	
12:56:00,52	-1,13901	
12:56:00,54	-1,00619	
12:56:00,55	-1,36039	
12:56:00,56	-1,8917	
12:56:00,57	-1,27184	
12:56:00,58	-1,13901	
12:56:00,59	-1,09474	
12:56:00,60	-0,961912	
12:56:00,61	-1,22757	
12:56:00,62	-1,13901	
12:56:00,63	-1,18329	
12:56:00,64	-1,58177	
12:56:00,65	-1,31612	
12:56:00,66	-1,13901	
12:56:00,67	-1,09474	
12:56:00,68	-1,5375	
12:56:00,69	-0,961912	
12:56:00,71	-1,22757	
12:56:00,72	-1,31612	
12:56:00,73	-0,917636	
12:56:00,73	-1,31612	
12:56:00,74	-1,49322	
12:56:00,75	-0,961912	
12:56:00,76	-1,40467	
12:56:00,78	-1,31612	
12:56:00,79	-1,67032	
12:56:00,80	-1,18329	
12:56:00,81	-1,36039	
12:56:00,82	-0,87336	
12:56:00,83	-1,36039	
12:56:00,84	-1,31612	
12:56:00,85	-1,22757	
12:56:00,86	-0,961912	
12:56:00,87	-1,27184	
12:56:00,88	-1,27184	
12:56:00,89	-1,5375	
12:56:00,90	-0,917636	
12:56:00,91	-1,13901	
12:56:00,93	-1,40467	
12:56:00,94	-1,31612	
12:56:00,95	-1,49322	
12:56:00,96	-1,09474	
12:56:00,97	-1,31612	
12:56:00,98	-1,22757	
12:56:00,99	-1,00619	
12:56:01,00	-1,62605	
12:56:01,02	-1,09474	
12:56:01,02	-1,58177	
12:56:01,04	-1,27184	
12:56:01,04	-1,44895	
12:56:01,05	-1,18329	
12:56:01,06	-1,18329	
12:56:01,07	-1,5375	
12:56:01,08	-0,917636	
12:56:01,10	-1,09474	
12:56:01,11	-1,13901	
12:56:01,12	-1,8917	
12:56:01,13	-1,40467	
12:56:01,14	-1,40467	
12:56:01,15	-1,09474	
12:56:01,16	-1,5375	
12:56:01,17	-1,13901	
12:56:01,18	-1,40467	
12:56:01,19	-1,49322	
12:56:01,21	-1,31612	
12:56:01,22	-0,740533	
12:56:01,23	-1,09474	
12:56:01,24	-1,40467	
12:56:01,25	-1,5375	
12:56:01,26	-1,00619	
12:56:01,27	-1,62605	
12:56:01,28	-0,740533	
12:56:01,29	-1,7146	
12:56:01,30	-1,36039	
12:56:01,31	-1,7146	
12:56:01,32	-1,22757	
12:56:01,33	-1,80315	
12:56:01,34	-1,36039	
12:56:01,35	-1,36039	
12:56:01,36	-1,22757	
12:56:01,37	-1,5375	
12:56:01,38	-1,18329	
12:56:01,39	-1,18329	
12:56:01,40	-0,917636	
12:56:01,41	-1,7146	
12:56:01,42	-0,87336	
12:56:01,43	-1,22757	
12:56:01,44	-1,40467	
12:56:01,45	-1,36039	
12:56:01,46	-1,09474	
12:56:01,47	-1,22757	
12:56:01,48	-0,917636	
12:56:01,49	-1,09474	
12:56:01,50	-0,784808	
12:56:01,51	-1,36039	
12:56:01,52	-1,00619	
12:56:01,53	-1,13901	
12:56:01,54	-0,917636	
12:56:01,55	-1,22757	
12:56:01,56	-0,87336	
12:56:01,57	-1,18329	
12:56:01,58	-1,09474	
12:56:01,59	-2,15736	
12:56:01,60	-1,22757	
12:56:01,61	-1,5375	
12:56:01,62	-1,05046	
12:56:01,63	-1,5375	
12:56:01,64	-0,87336	
12:56:01,65	-1,40467	
12:56:01,66	-1,5375	
12:56:01,68	-1,27184	
12:56:01,69	-1,27184	
12:56:01,71	-1,09474	
12:56:01,72	-1,09474	
12:56:01,73	-1,40467	
12:56:01,74	-1,00619	
12:56:01,75	-1,27184	
12:56:01,76	-1,40467	
12:56:01,77	-1,05046	
12:56:01,78	-1,27184	
12:56:01,79	-1,18329	
12:56:01,80	-1,09474	
12:56:01,81	-1,27184	
12:56:01,82	-1,40467	
12:56:01,84	-1,05046	
12:56:01,85	-1,36039	
12:56:01,86	-1,00619	
12:56:01,87	-1,40467	
12:56:01,89	-1,22757	
12:56:01,90	-1,18329	
12:56:01,91	-1,05046	
12:56:01,93	-1,31612	
12:56:01,94	-1,22757	
12:56:01,95	-1,22757	
12:56:01,97	-1,27184	
12:56:01,98	-0,829084	
12:56:01,99	-1,13901	
12:56:02,00	-1,27184	
12:56:02,01	-1,00619	
12:56:02,02	-1,27184	
12:56:02,03	-1,18329	
12:56:02,04	-1,36039	
12:56:02,05	-1,62605	
12:56:02,06	-1,27184	
12:56:02,07	-1,27184	
12:56:02,08	-1,00619	
12:56:02,09	-1,05046	
12:56:02,10	-1,05046	
12:56:02,11	-1,36039	
12:56:02,12	-1,40467	
12:56:02,13	-1,36039	
12:56:02,14	-1,40467	
12:56:02,15	-1,49322	
12:56:02,16	-0,917636	
12:56:02,17	-1,67032	
12:56:02,18	-0,917636	
12:56:02,19	-1,62605	
12:56:02,20	-0,87336	
12:56:02,21	-1,27184	
12:56:02,21	-1,13901	
12:56:02,22	-1,5375	
12:56:02,23	-1,49322	
12:56:02,24	-1,31612	
12:56:02,25	-0,961912	
12:56:02,26	-1,09474	
12:56:02,27	-1,05046	
12:56:02,29	-1,67032	
12:56:02,30	-1,09474	
12:56:02,31	-1,5375	
12:56:02,32	-1,18329	
12:56:02,33	-1,36039	
12:56:02,33	-1,22757	
12:56:02,34	-1,31612	
12:56:02,36	-1,13901	
12:56:02,37	-1,27184	
12:56:02,38	-1,22757	
12:56:02,39	-1,09474	
12:56:02,41	-1,7146	
12:56:02,42	-1,18329	
12:56:02,43	-1,18329	
12:56:02,44	-1,44895	
12:56:02,45	-1,40467	
12:56:02,46	-1,5375	
12:56:02,47	-1,13901	
12:56:02,48	-1,5375	
12:56:02,49	-0,961912	
12:56:02,50	-1,44895	
12:56:02,51	-1,36039	
12:56:02,52	-1,27184	
12:56:02,53	-1,31612	
12:56:02,54	-1,18329	
12:56:02,55	-1,44895	
12:56:02,56	-0,829084	
12:56:02,57	-1,36039	
12:56:02,58	-1,09474	
12:56:02,58	-1,31612	
12:56:02,59	-1,31612	
12:56:02,60	-1,31612	
12:56:02,61	-1,09474	
12:56:02,63	-1,00619	
12:56:02,64	-1,27184	
12:56:02,65	-1,22757	
12:56:02,66	-1,22757	
12:56:02,67	-1,13901	
12:56:02,68	-1,09474	
12:56:02,69	-1,58177	
12:56:02,70	-1,31612	
12:56:02,72	-1,05046	
12:56:02,73	-1,49322	
12:56:02,74	-1,13901	
12:56:02,75	-1,44895	
12:56:02,76	-0,651981	
12:56:02,77	-1,44895	
12:56:02,78	-0,961912	
12:56:02,79	-1,36039	
12:56:02,80	-1,18329	
12:56:02,81	-1,27184	
12:56:02,82	-1,09474	
12:56:02,83	-0,696257	
12:56:02,84	-1,49322	
12:56:02,85	-1,05046	
12:56:02,86	-1,18329	
12:56:02,87	-0,87336	
12:56:02,88	-1,09474	
12:56:02,89	-1,05046	
12:56:02,91	-1,49322	
